PFI
0.0
0.10555555555555556
0.2111111111111111
0.31666666666666665
0.4222222222222222
0.5277777777777778
0.6333333333333333
0.7388888888888889
0.8444444444444444
0.95
0.0
0.10555555555555556
0.2111111111111111
0.31666666666666665
0.4222222222222222
0.5277777777777778
0.6333333333333333
0.7388888888888889
0.8444444444444444
0.95
0.0
0.10555555555555556
0.2111111111111111
0.31666666666666665
0.4222222222222222
0.5277777777777778
0.6333333333333333
0.7388888888888889
0.8444444444444444
0.95
0.0
0.10555555555555556
0.2111111111111111
0.31666666666666665
0.4222222222222222
0.5277777777777778
0.6333333333333333
0.7388888888888889
0.8444444444444444
0.95
0.0
0.10555555555555556
0.2111111111111111
0.31666666666666665
0.4222222222222222
0.5277777777777778
0.6333333333333333
0.7388888888888889
0.8444444444444444
0.95
0.0
0.10555555555555556
0.2111111111111111
0.31666666666666665
0.4222222222222222
0.5277777777777778
0.6333333333333333
0.7388888888888889
0.8444444444444444
0.95
