Multiplex,LayerLeft,LayerRight,Accuracy
arxiv,2,6,0.514508795022137
arxiv,2,6,0.737324414715719
arxiv,2,6,0.836417412407098
arxiv,2,6,0.874890562073192
arxiv,2,6,0.916545868709878
arxiv,2,6,0.934887256143907
arxiv,2,6,0.944526023821178
arxiv,2,6,0.957617411225659
arxiv,2,6,0.962706651287966
arxiv,2,6,0.970131421744325
arxiv,2,7,0.525188148349041
arxiv,2,7,0.65182293640567
arxiv,2,7,0.765984874527329
arxiv,2,7,0.806944444444444
arxiv,2,7,0.864601666080019
arxiv,2,7,0.884852835606604
arxiv,2,7,0.92179700499168
arxiv,2,7,0.932502596053998
arxiv,2,7,0.946840958605665
arxiv,2,7,0.94722598105548
arxiv,6,7,0.500280300482117
arxiv,6,7,0.682040355934328
arxiv,6,7,0.802188432570698
arxiv,6,7,0.853018372703412
arxiv,6,7,0.879705083430345
arxiv,6,7,0.904818419178733
arxiv,6,7,0.929685111586671
arxiv,6,7,0.937339055793991
arxiv,6,7,0.955331412103746
arxiv,6,7,0.95067264573991
celegans,1,2,0.994082840236686
celegans,1,2,0.992073976221929
celegans,1,2,0.989520958083832
celegans,1,2,0.991349480968858
celegans,1,2,0.989775051124744
celegans,1,2,0.995
celegans,1,2,0.990353697749196
celegans,1,2,0.995475113122172
celegans,1,2,0.992424242424242
celegans,1,2,1
celegans,1,3,0.964083175803403
celegans,1,3,0.922995780590717
celegans,1,3,0.972488038277512
celegans,1,3,0.988980716253444
celegans,1,3,0.986970684039088
celegans,1,3,0.98605577689243
celegans,1,3,0.994871794871795
celegans,1,3,0.992805755395683
celegans,1,3,0.976190476190476
celegans,1,3,1
celegans,2,3,0.899885583524027
celegans,2,3,0.921455938697318
celegans,2,3,0.950724637681159
celegans,2,3,0.970784641068447
celegans,2,3,0.954545454545455
celegans,2,3,0.961259079903148
celegans,2,3,0.978260869565217
celegans,2,3,0.960698689956332
celegans,2,3,0.978102189781022
celegans,2,3,1
