1	61 
2	101 
3	34 
4	283 
5	187 
6	124 
7	210 
8	278 
9	244 
10	162 
11	33 
12	64 
13	99 
14	102 
15	61 
16	33 
17	78 
18	161 
19	99 
20	258 
21	267 
22	39 
23	150 
24	115 
25	218 
26	65 
27	221 
28	171 
29	201 
30	95 
31	144 
32	120 
33	4 
34	137 
35	71 
36	216 
37	131 
38	274 
39	36 
40	191 
41	253 
42	274 
43	105 
44	34 
45	278 
46	73 
47	56 
48	229 
49	178 
50	125 
51	204 
52	28 
53	245 
54	271 
55	27 
56	64 
57	148 
58	218 
59	1 
60	194 
61	219 
62	159 
63	162 
64	92 
65	102 
66	48 
67	101 
68	205 
69	224 
70	19 
71	130 
72	133 
73	139 
74	34 
75	53 
76	249 
77	20 
78	226 
79	135 
80	283 
81	101 
82	173 
83	96 
84	215 
85	268 
86	8 
87	219 
88	172 
89	35 
90	245 
91	146 
92	166 
93	165 
94	44 
95	277 
96	229 
97	140 
98	90 
99	127 
100	227 
101	179 
102	238 
103	90 
104	54 
105	207 
106	141 
107	97 
108	284 
109	288 
110	128 
111	162 
112	38 
113	4 
114	291 
115	179 
116	171 
117	241 
118	86 
119	10 
120	288 
121	210 
122	171 
123	80 
124	8 
125	56 
126	133 
127	87 
128	130 
129	141 
130	277 
131	98 
132	217 
133	1 
134	175 
135	142 
136	269 
137	34 
138	202 
139	193 
140	153 
141	280 
142	104 
143	155 
144	109 
145	205 
146	157 
147	45 
148	60 
149	97 
150	283 
151	25 
152	14 
153	195 
154	136 
155	142 
156	191 
157	200 
158	107 
159	61 
160	41 
161	66 
162	126 
163	124 
164	257 
165	86 
166	47 
167	60 
168	291 
169	135 
170	17 
171	226 
172	136 
173	279 
174	59 
175	152 
176	181 
177	109 
178	183 
179	250 
180	130 
181	97 
182	120 
183	183 
184	181 
185	85 
186	105 
187	30 
188	29 
189	54 
190	17 
191	48 
192	261 
193	229 
194	80 
195	89 
196	20 
197	265 
198	250 
199	146 
200	255 
201	159 
202	254 
203	202 
204	133 
205	85 
206	232 
207	179 
208	52 
209	269 
210	235 
211	95 
212	178 
213	71 
214	12 
215	113 
216	92 
217	30 
218	118 
219	27 
220	273 
221	56 
222	250 
223	155 
224	282 
225	82 
226	262 
227	10 
228	151 
229	291 
230	91 
231	35 
232	174 
233	57 
234	37 
235	62 
236	116 
237	199 
238	54 
239	55 
240	97 
241	71 
242	44 
243	66 
244	110 
245	55 
246	188 
247	6 
248	226 
249	25 
250	240 
251	124 
252	143 
253	171 
254	257 
255	128 
256	278 
257	4 
258	77 
259	107 
260	99 
261	222 
262	275 
263	281 
264	14 
265	246 
266	143 
267	210 
268	1 
269	222 
270	99 
271	72 
272	151 
273	199 
274	187 
275	89 
276	230 
277	201 
278	47 
279	284 
280	57 
281	250 
282	71 
283	210 
284	14 
285	279 
286	195 
287	1 
288	171 
289	162 
290	208 
291	11 
292	104 
293	141 
294	104 
295	31 
296	78 
297	270 
298	14 
299	23 
300	274 
301	130 
302	259 
303	37 
304	173 
305	261 
306	160 
307	17 
308	265 
309	38 
310	189 
311	163 
312	229 
313	51 
314	48 
315	124 
316	180 
317	71 
318	164 
319	93 
320	211 
321	64 
322	168 
323	116 
324	135 
325	250 
326	245 
327	262 
328	131 
329	143 
330	124 
331	71 
332	178 
333	220 
334	250 
335	83 
336	25 
337	249 
338	87 
339	3 
340	125 
341	40 
342	69 
343	191 
344	122 
345	265 
346	230 
347	130 
348	250 
349	119 
350	210 
351	186 
352	160 
353	133 
354	283 
355	164 
356	187 
357	222 
358	71 
359	277 
360	199 
361	101 
362	282 
363	268 
364	33 
365	36 
366	204 
367	214 
368	146 
369	228 
370	173 
371	192 
372	246 
373	124 
374	210 
375	284 
376	143 
377	240 
378	102 
379	199 
380	199 
381	8 
382	162 
383	223 
384	291 
385	149 
386	89 
387	66 
388	91 
389	195 
390	291 
391	240 
392	92 
393	252 
394	246 
395	166 
396	101 
397	87 
398	274 
399	175 
400	198 
401	274 
402	143 
403	275 
404	245 
405	140 
406	78 
407	54 
408	156 
409	70 
410	242 
411	120 
412	132 
413	203 
414	2 
415	285 
416	184 
417	210 
418	259 
419	64 
420	126 
421	16 
422	112 
423	183 
424	215 
425	30 
426	95 
427	143 
428	22 
429	68 
430	132 
431	124 
432	186 
433	83 
434	80 
435	40 
436	75 
437	54 
438	14 
439	2 
440	19 
441	14 
442	89 
443	8 
444	249 
445	215 
446	222 
447	192 
448	126 
449	189 
450	63 
451	109 
452	178 
453	7 
454	70 
455	222 
456	45 
457	233 
458	143 
459	282 
460	93 
461	22 
462	8 
463	166 
464	116 
465	282 
466	98 
467	143 
468	233 
469	90 
470	114 
471	262 
472	54 
473	140 
474	173 
475	118 
476	227 
477	37 
478	45 
479	54 
480	135 
481	66 
482	245 
483	52 
484	11 
485	47 
486	229 
487	38 
488	61 
489	233 
490	135 
491	215 
492	274 
493	27 
494	223 
495	27 
496	211 
497	2 
498	142 
499	25 
500	137 
501	111 
502	8 
503	4 
504	277 
505	195 
506	49 
507	174 
508	116 
509	271 
510	252 
511	81 
512	71 
513	285 
514	20 
515	266 
516	146 
517	137 
518	200 
519	69 
520	243 
521	169 
522	100 
523	256 
524	62 
525	76 
526	254 
527	83 
528	197 
529	151 
530	176 
531	32 
532	192 
533	271 
534	153 
535	147 
536	126 
537	183 
538	45 
539	95 
540	111 
541	1 
542	178 
543	200 
544	225 
545	171 
546	274 
547	151 
548	137 
549	198 
550	111 
551	210 
552	141 
553	114 
554	282 
555	260 
556	133 
557	194 
558	31 
559	114 
560	174 
561	274 
562	54 
563	178 
564	238 
565	267 
566	98 
567	243 
568	141 
569	147 
570	275 
571	250 
572	172 
573	94 
574	135 
575	105 
576	56 
577	108 
578	141 
579	233 
580	80 
581	44 
582	250 
583	181 
584	161 
585	178 
586	59 
587	35 
588	202 
589	277 
590	98 
591	195 
592	289 
593	143 
594	120 
595	199 
596	164 
597	288 
598	206 
599	287 
600	217 
601	254 
602	123 
603	159 
604	278 
605	277 
606	76 
607	278 
608	239 
609	78 
610	50 
611	122 
612	241 
613	93 
614	229 
615	1 
616	5 
617	187 
618	137 
619	80 
620	47 
621	190 
622	229 
623	201 
624	162 
625	276 
626	194 
627	146 
628	163 
629	276 
630	276 
631	73 
632	27 
633	246 
634	266 
635	135 
636	61 
637	234 
638	233 
639	177 
640	191 
641	43 
642	277 
643	124 
644	229 
645	206 
646	78 
647	86 
648	285 
649	253 
650	90 
651	109 
652	191 
653	146 
654	107 
655	105 
656	41 
657	178 
658	34 
659	208 
660	105 
661	7 
662	285 
663	37 
664	199 
665	85 
666	130 
667	252 
668	185 
669	120 
670	83 
671	144 
672	253 
673	137 
674	250 
675	8 
676	288 
677	280 
678	172 
679	105 
680	70 
681	1 
682	109 
683	246 
684	191 
685	252 
686	88 
687	211 
688	59 
689	243 
690	161 
691	112 
692	139 
693	89 
694	146 
695	36 
696	83 
697	191 
698	90 
699	160 
700	188 
701	21 
702	78 
703	174 
704	187 
705	230 
706	283 
707	56 
708	77 
709	46 
710	85 
711	130 
712	175 
713	267 
714	52 
715	130 
716	192 
717	253 
718	285 
719	205 
720	258 
721	34 
722	138 
723	83 
724	208 
725	102 
726	2 
727	133 
728	189 
729	245 
730	210 
731	44 
732	46 
733	288 
734	194 
735	66 
736	35 
737	202 
738	101 
739	134 
740	3 
741	107 
742	167 
743	240 
744	72 
745	164 
746	138 
747	134 
748	107 
749	41 
750	225 
751	241 
752	106 
753	46 
754	162 
755	282 
756	6 
757	207 
758	98 
759	86 
760	188 
761	252 
762	271 
763	168 
764	208 
765	45 
766	239 
767	286 
768	71 
769	210 
770	187 
771	78 
772	140 
773	258 
774	23 
775	34 
776	208 
777	56 
778	44 
779	37 
780	278 
781	148 
782	79 
783	208 
784	248 
785	128 
786	61 
787	222 
788	28 
789	123 
790	174 
791	56 
792	24 
793	17 
794	184 
795	210 
796	120 
797	151 
798	21 
799	101 
800	148 
801	199 
802	182 
803	18 
804	118 
805	8 
806	71 
807	86 
808	208 
809	244 
810	38 
811	197 
812	151 
813	229 
814	41 
815	59 
816	115 
817	83 
818	13 
819	244 
820	82 
821	166 
822	204 
823	101 
824	238 
825	236 
826	142 
827	270 
828	85 
829	178 
830	282 
831	235 
832	54 
833	180 
834	79 
835	30 
836	164 
837	93 
838	247 
839	250 
840	210 
841	22 
842	194 
843	6 
844	10 
845	57 
846	291 
847	270 
848	47 
849	134 
850	59 
851	222 
852	199 
853	98 
854	290 
855	143 
856	271 
857	98 
858	14 
859	3 
860	14 
861	208 
862	277 
863	83 
864	192 
865	97 
866	219 
867	78 
868	178 
869	51 
870	291 
871	112 
872	169 
873	136 
874	181 
875	162 
876	224 
877	104 
878	191 
879	19 
880	184 
881	68 
882	245 
883	290 
884	252 
885	19 
886	210 
887	250 
888	140 
889	276 
890	213 
891	32 
892	5 
893	134 
894	58 
895	166 
896	143 
897	276 
898	264 
899	195 
900	268 
901	6 
902	123 
903	97 
904	237 
905	276 
906	157 
907	235 
908	58 
909	37 
910	174 
911	275 
912	47 
913	276 
914	144 
915	249 
916	120 
917	171 
918	135 
919	181 
920	177 
921	247 
922	208 
923	85 
924	233 
925	175 
926	174 
927	169 
928	195 
929	33 
930	14 
931	164 
932	286 
933	71 
934	271 
935	192 
936	113 
937	3 
938	97 
939	267 
940	82 
941	192 
942	61 
943	48 
944	122 
945	275 
946	164 
947	206 
948	31 
949	128 
950	95 
951	35 
952	256 
953	282 
954	20 
955	164 
956	264 
957	200 
958	3 
959	113 
960	216 
961	56 
962	174 
963	176 
964	47 
965	76 
966	141 
967	22 
968	164 
969	137 
970	130 
971	245 
972	55 
973	56 
974	134 
975	217 
976	196 
977	20 
978	54 
979	247 
980	282 
981	134 
982	6 
983	83 
984	258 
985	242 
986	199 
987	93 
988	182 
989	201 
990	166 
991	104 
992	285 
993	56 
994	245 
995	243 
996	158 
997	78 
998	189 
999	178 
1000	98 
1001	124 
1002	98 
1003	207 
1004	90 
1005	222 
1006	199 
1007	165 
1008	151 
1009	245 
1010	146 
1011	188 
1012	189 
1013	101 
1014	204 
1015	6 
1016	124 
1017	130 
1018	66 
1019	12 
1020	86 
1021	244 
1022	53 
1023	161 
1024	93 
1025	210 
1026	287 
1027	149 
1028	60 
1029	105 
1030	11 
1031	219 
1032	277 
1033	230 
1034	187 
1035	56 
1036	264 
1037	64 
1038	14 
1039	87 
1040	32 
1041	150 
1042	68 
1043	101 
1044	160 
1045	142 
1046	235 
1047	141 
1048	72 
1049	161 
1050	243 
1051	135 
1052	118 
1053	141 
1054	66 
1055	45 
1056	87 
1057	52 
1058	98 
1059	29 
1060	130 
1061	131 
1062	137 
1063	287 
1064	274 
1065	54 
1066	130 
1067	25 
1068	153 
1069	76 
1070	48 
1071	217 
1072	210 
1073	127 
1074	171 
1075	291 
1076	276 
1077	216 
1078	7 
1079	285 
1080	222 
1081	52 
1082	290 
1083	55 
1084	207 
1085	6 
1086	234 
1087	209 
1088	191 
1089	124 
1090	108 
1091	126 
1092	222 
1093	188 
1094	192 
1095	131 
1096	288 
1097	40 
1098	252 
1099	49 
1100	216 
1101	211 
1102	242 
1103	56 
1104	107 
1105	98 
1106	205 
1107	188 
1108	83 
1109	98 
1110	275 
1111	207 
1112	130 
1113	194 
1114	137 
1115	95 
1116	191 
1117	27 
1118	161 
1119	164 
1120	276 
1121	259 
1122	247 
1123	229 
1124	68 
1125	232 
1126	188 
1127	97 
1128	237 
1129	83 
1130	203 
1131	263 
1132	260 
1133	281 
1134	98 
1135	151 
1136	222 
1137	6 
1138	130 
1139	212 
1140	118 
1141	262 
1142	283 
1143	46 
1144	150 
1145	82 
1146	50 
1147	144 
1148	288 
1149	56 
1150	66 
1151	158 
1152	220 
1153	47 
1154	63 
1155	56 
1156	148 
1157	114 
1158	250 
1159	56 
1160	13 
1161	78 
1162	188 
1163	13 
1164	287 
1165	20 
1166	111 
1167	96 
1168	213 
1169	54 
1170	289 
1171	187 
1172	93 
1173	104 
1174	64 
1175	225 
1176	252 
1177	206 
1178	97 
1179	245 
1180	59 
1181	208 
1182	200 
1183	142 
1184	165 
1185	223 
1186	19 
1187	159 
1188	69 
1189	2 
1190	147 
1191	101 
1192	39 
1193	85 
1194	159 
1195	278 
1196	266 
1197	260 
1198	130 
1199	214 
1200	38 
1201	30 
1202	161 
1203	154 
1204	101 
1205	41 
1206	143 
1207	127 
1208	135 
1209	99 
1210	262 
1211	281 
1212	113 
1213	286 
1214	36 
1215	47 
1216	32 
1217	222 
1218	217 
1219	140 
1220	164 
1221	158 
1222	210 
1223	144 
1224	136 
1225	37 
1226	30 
1227	82 
1228	288 
1229	219 
1230	164 
1231	103 
1232	289 
1233	217 
1234	283 
1235	13 
1236	184 
1237	167 
1238	252 
1239	191 
1240	224 
1241	71 
1242	247 
1243	178 
1244	268 
1245	104 
1246	198 
1247	275 
1248	260 
1249	289 
1250	127 
1251	48 
1252	259 
1253	202 
1254	199 
1255	199 
1256	222 
1257	120 
1258	101 
1259	49 
1260	76 
1261	144 
1262	288 
1263	138 
1264	83 
1265	124 
1266	56 
1267	164 
1268	89 
1269	27 
1270	155 
1271	58 
1272	8 
1273	127 
1274	276 
1275	213 
1276	61 
1277	159 
1278	194 
1279	37 
1280	70 
1281	147 
1282	267 
1283	21 
1284	266 
1285	274 
1286	92 
1287	93 
1288	8 
1289	86 
1290	25 
1291	154 
1292	109 
1293	174 
1294	18 
1295	250 
1296	188 
1297	52 
1298	268 
1299	195 
1300	84 
1301	253 
1302	137 
1303	143 
1304	191 
1305	210 
1306	175 
1307	236 
1308	134 
1309	153 
1310	20 
1311	104 
1312	159 
1313	276 
1314	156 
1315	33 
1316	201 
1317	254 
1318	38 
1319	168 
1320	206 
1321	255 
1322	247 
1323	202 
1324	228 
1325	136 
1326	107 
1327	120 
1328	70 
1329	72 
1330	172 
1331	8 
1332	71 
1333	288 
1334	178 
1335	201 
1336	288 
1337	51 
1338	66 
1339	1 
1340	38 
1341	199 
1342	146 
1343	14 
1344	223 
1345	175 
1346	222 
1347	243 
1348	258 
1349	124 
1350	274 
1351	104 
1352	146 
1353	216 
1354	253 
1355	115 
1356	157 
1357	151 
1358	83 
1359	134 
1360	105 
1361	89 
1362	269 
1363	27 
1364	83 
1365	246 
1366	276 
1367	175 
1368	246 
1369	3 
1370	287 
1371	52 
1372	198 
1373	142 
1374	275 
1375	145 
1376	253 
1377	178 
1378	260 
1379	54 
1380	281 
1381	78 
1382	282 
1383	41 
1384	3 
1385	179 
1386	124 
1387	142 
1388	120 
1389	210 
1390	165 
1391	201 
1392	90 
1393	146 
1394	289 
1395	253 
1396	48 
1397	116 
1398	4 
1399	65 
1400	41 
1401	142 
1402	175 
1403	154 
1404	30 
1405	120 
1406	232 
1407	151 
1408	142 
1409	39 
1410	4 
1411	289 
1412	207 
1413	83 
1414	171 
1415	67 
1416	87 
1417	13 
1418	171 
1419	191 
1420	218 
1421	287 
1422	162 
1423	285 
1424	108 
1425	99 
1426	233 
1427	97 
1428	42 
1429	217 
1430	279 
1431	202 
1432	91 
1433	125 
1434	253 
1435	164 
1436	83 
1437	289 
1438	43 
1439	164 
1440	140 
1441	134 
1442	52 
1443	187 
1444	127 
1445	44 
1446	192 
1447	287 
1448	52 
1449	77 
1450	207 
1451	140 
1452	254 
1453	137 
1454	262 
1455	140 
1456	8 
1457	17 
1458	250 
1459	141 
1460	109 
1461	8 
1462	105 
1463	70 
1464	192 
1465	178 
1466	48 
1467	56 
1468	126 
1469	187 
1470	176 
1471	254 
1472	275 
1473	178 
1474	47 
1475	89 
1476	3 
1477	244 
1478	97 
1479	78 
1480	68 
1481	32 
1482	288 
1483	53 
1484	162 
1485	191 
1486	155 
1487	284 
1488	191 
1489	146 
1490	88 
1491	1 
1492	125 
1493	75 
1494	43 
1495	98 
1496	219 
1497	215 
1498	29 
1499	89 
1500	188 
1501	274 
1502	127 
1503	70 
1504	183 
1505	61 
1506	263 
1507	196 
1508	13 
1509	194 
1510	24 
1511	174 
1512	152 
1513	114 
1514	131 
1515	246 
1516	59 
1517	86 
1518	267 
1519	92 
1520	83 
1521	83 
1522	17 
1523	178 
1524	109 
1525	19 
1526	222 
1527	211 
1528	231 
1529	102 
1530	78 
1531	250 
1532	178 
1533	61 
1534	264 
1535	126 
1536	87 
1537	183 
1538	189 
1539	183 
1540	207 
1541	105 
1542	234 
1543	192 
1544	3 
1545	70 
1546	1 
1547	216 
1548	130 
1549	162 
1550	150 
1551	64 
1552	116 
1553	174 
1554	60 
1555	107 
1556	273 
1557	190 
1558	216 
1559	278 
1560	11 
1561	41 
1562	129 
1563	119 
1564	146 
1565	210 
1566	247 
1567	275 
1568	194 
1569	191 
1570	215 
1571	1 
1572	243 
1573	130 
1574	109 
1575	151 
1576	173 
1577	22 
1578	78 
1579	164 
1580	14 
1581	166 
1582	87 
1583	116 
1584	72 
1585	17 
1586	105 
1587	32 
1588	87 
1589	229 
1590	247 
1591	191 
1592	288 
1593	167 
1594	89 
1595	142 
1596	208 
1597	276 
1598	15 
1599	8 
1600	239 
1601	47 
1602	47 
1603	50 
1604	13 
1605	222 
1606	92 
1607	188 
1608	179 
1609	237 
1610	71 
1611	14 
1612	187 
1613	154 
1614	72 
1615	205 
1616	4 
1617	203 
1618	98 
1619	151 
1620	124 
1621	64 
1622	275 
1623	47 
1624	14 
1625	232 
1626	75 
1627	2 
1628	64 
1629	259 
1630	116 
1631	222 
1632	123 
1633	33 
1634	174 
1635	33 
1636	194 
1637	45 
1638	105 
1639	135 
1640	57 
1641	222 
1642	164 
1643	59 
1644	78 
1645	212 
1646	213 
1647	14 
1648	38 
1649	20 
1650	162 
1651	83 
1652	201 
1653	33 
1654	191 
1655	63 
1656	186 
1657	246 
1658	200 
1659	288 
1660	208 
1661	232 
1662	135 
1663	137 
1664	143 
1665	250 
1666	191 
1667	168 
1668	258 
1669	11 
1670	89 
1671	106 
1672	87 
1673	252 
1674	140 
1675	158 
1676	229 
1677	229 
1678	230 
1679	86 
1680	243 
1681	29 
1682	127 
1683	120 
1684	271 
1685	37 
1686	31 
1687	177 
1688	208 
1689	219 
1690	42 
1691	113 
1692	124 
1693	291 
1694	198 
1695	25 
1696	283 
1697	200 
1698	38 
1699	246 
1700	248 
1701	144 
1702	260 
1703	164 
1704	1 
1705	213 
1706	34 
1707	33 
1708	130 
1709	143 
1710	250 
1711	134 
1712	174 
1713	164 
1714	175 
1715	253 
1716	140 
1717	130 
1718	13 
1719	125 
1720	210 
1721	187 
1722	222 
1723	247 
1724	102 
1725	109 
1726	174 
1727	178 
1728	142 
1729	47 
1730	216 
1731	36 
1732	41 
1733	219 
1734	129 
1735	93 
1736	78 
1737	161 
1738	238 
1739	187 
1740	83 
1741	12 
1742	121 
1743	290 
1744	109 
1745	61 
1746	122 
1747	151 
1748	4 
1749	146 
1750	9 
1751	114 
1752	178 
1753	198 
1754	162 
1755	250 
1756	32 
1757	202 
1758	262 
1759	6 
1760	171 
1761	67 
1762	98 
1763	218 
1764	206 
1765	213 
1766	20 
1767	17 
1768	269 
1769	282 
1770	222 
1771	115 
1772	250 
1773	188 
1774	199 
1775	285 
1776	39 
1777	286 
1778	231 
1779	12 
1780	180 
1781	144 
1782	196 
1783	185 
1784	170 
1785	62 
1786	204 
1787	14 
1788	189 
1789	133 
1790	137 
1791	110 
1792	6 
1793	140 
1794	90 
1795	142 
1796	37 
1797	222 
1798	58 
1799	137 
1800	130 
1801	97 
1802	291 
1803	98 
1804	84 
1805	262 
1806	161 
1807	104 
1808	188 
1809	138 
1810	4 
1811	224 
1812	208 
1813	144 
1814	72 
1815	241 
1816	130 
1817	125 
1818	59 
1819	59 
1820	261 
1821	112 
1822	275 
1823	138 
1824	178 
1825	107 
1826	222 
1827	243 
1828	134 
1829	174 
1830	116 
1831	242 
1832	137 
1833	249 
1834	127 
1835	124 
1836	264 
1837	14 
1838	206 
1839	241 
1840	28 
1841	101 
1842	207 
1843	43 
1844	25 
1845	58 
1846	112 
1847	81 
1848	14 
1849	14 
1850	229 
1851	142 
1852	69 
1853	6 
1854	282 
1855	240 
1856	197 
1857	183 
1858	168 
1859	83 
1860	187 
1861	44 
1862	229 
1863	19 
1864	146 
1865	138 
1866	26 
1867	248 
1868	66 
1869	193 
1870	62 
1871	37 
1872	140 
1873	250 
1874	20 
1875	98 
1876	265 
1877	249 
1878	90 
1879	245 
1880	7 
1881	277 
1882	176 
1883	228 
1884	56 
1885	141 
1886	206 
1887	86 
1888	249 
1889	217 
1890	130 
1891	178 
1892	234 
1893	273 
1894	61 
1895	7 
1896	93 
1897	71 
1898	243 
1899	99 
1900	99 
1901	90 
1902	83 
1903	253 
1904	190 
1905	142 
1906	53 
1907	86 
1908	40 
1909	282 
1910	151 
1911	137 
1912	19 
1913	3 
1914	253 
1915	140 
1916	193 
1917	103 
1918	101 
1919	153 
1920	193 
1921	116 
1922	277 
1923	105 
1924	107 
1925	199 
1926	187 
1927	83 
1928	162 
1929	193 
1930	87 
1931	149 
1932	193 
1933	51 
1934	99 
1935	229 
1936	130 
1937	137 
1938	194 
1939	260 
1940	83 
1941	217 
1942	209 
1943	164 
1944	156 
1945	22 
1946	182 
1947	30 
1948	230 
1949	142 
1950	42 
1951	268 
1952	144 
1953	273 
1954	97 
1955	102 
1956	197 
1957	188 
1958	28 
1959	194 
1960	161 
1961	141 
1962	220 
1963	256 
1964	144 
1965	272 
1966	243 
1967	174 
1968	192 
1969	110 
1970	83 
1971	33 
1972	144 
1973	72 
1974	192 
1975	54 
1976	81 
1977	151 
1978	133 
1979	236 
1980	59 
1981	239 
1982	87 
1983	76 
1984	140 
1985	258 
1986	79 
1987	162 
1988	77 
1989	54 
1990	58 
1991	103 
1992	195 
1993	105 
1994	263 
1995	127 
1996	172 
1997	80 
1998	274 
1999	191 
2000	254 
2001	244 
2002	46 
2003	151 
2004	160 
2005	70 
2006	191 
2007	30 
2008	20 
2009	176 
2010	165 
2011	217 
2012	210 
2013	213 
2014	123 
2015	162 
2016	35 
2017	183 
2018	235 
2019	47 
2020	24 
2021	74 
2022	288 
2023	126 
2024	219 
2025	116 
2026	47 
2027	238 
2028	25 
2029	117 
2030	71 
2031	159 
2032	210 
2033	56 
2034	168 
2035	200 
2036	128 
2037	8 
2038	243 
2039	97 
2040	222 
2041	78 
2042	58 
2043	234 
2044	285 
2045	258 
2046	275 
2047	59 
2048	283 
2049	269 
2050	277 
2051	140 
2052	101 
2053	219 
2054	269 
2055	291 
2056	53 
2057	34 
2058	165 
2059	109 
2060	191 
2061	33 
2062	153 
2063	263 
2064	230 
2065	155 
2066	93 
2067	283 
2068	39 
2069	285 
2070	142 
2071	20 
2072	95 
2073	230 
2074	229 
2075	74 
2076	122 
2077	20 
2078	117 
2079	205 
2080	191 
2081	31 
2082	222 
2083	275 
2084	276 
2085	275 
2086	2 
2087	232 
2088	21 
2089	54 
2090	163 
2091	97 
2092	142 
2093	8 
2094	125 
2095	10 
2096	143 
2097	192 
2098	78 
2099	124 
2100	64 
2101	197 
2102	104 
2103	179 
2104	72 
2105	82 
2106	210 
2107	120 
2108	21 
2109	277 
2110	284 
2111	141 
2112	192 
2113	243 
2114	199 
2115	151 
2116	229 
2117	48 
2118	231 
2119	67 
2120	83 
2121	142 
2122	173 
2123	85 
2124	242 
2125	137 
2126	254 
2127	138 
2128	14 
2129	72 
2130	19 
2131	1 
2132	209 
2133	134 
2134	195 
2135	172 
2136	288 
2137	274 
2138	92 
2139	256 
2140	151 
2141	137 
2142	165 
2143	41 
2144	87 
2145	195 
2146	233 
2147	64 
2148	206 
2149	220 
2150	67 
2151	130 
2152	248 
2153	281 
2154	98 
2155	44 
2156	229 
2157	66 
2158	8 
2159	172 
2160	277 
2161	64 
2162	27 
2163	137 
2164	37 
2165	30 
2166	206 
2167	158 
2168	48 
2169	39 
2170	98 
2171	162 
2172	122 
2173	216 
2174	228 
2175	90 
2176	144 
2177	29 
2178	51 
2179	192 
2180	218 
2181	285 
2182	131 
2183	99 
2184	62 
2185	250 
2186	278 
2187	248 
2188	178 
2189	61 
2190	199 
2191	275 
2192	47 
2193	20 
2194	88 
2195	260 
2196	216 
2197	262 
2198	78 
2199	229 
2200	41 
2201	34 
2202	4 
2203	192 
2204	61 
2205	70 
2206	226 
2207	100 
2208	209 
2209	217 
2210	282 
2211	237 
2212	182 
2213	67 
2214	23 
2215	43 
2216	260 
2217	22 
2218	109 
2219	284 
2220	137 
2221	169 
2222	229 
2223	73 
2224	52 
2225	281 
2226	141 
2227	64 
2228	28 
2229	118 
2230	194 
2231	191 
2232	58 
2233	223 
2234	289 
2235	3 
2236	87 
2237	151 
2238	36 
2239	286 
2240	136 
2241	7 
2242	279 
2243	285 
2244	196 
2245	179 
2246	149 
2247	205 
2248	130 
2249	51 
2250	261 
2251	37 
2252	239 
2253	137 
2254	285 
2255	243 
2256	196 
2257	223 
2258	175 
2259	88 
2260	143 
2261	171 
2262	14 
2263	211 
2264	159 
2265	202 
2266	288 
2267	191 
2268	251 
2269	248 
2270	194 
2271	28 
2272	140 
2273	45 
2274	107 
2275	243 
2276	80 
2277	250 
2278	222 
2279	117 
2280	288 
2281	201 
2282	217 
2283	129 
2284	288 
2285	289 
2286	169 
2287	38 
2288	107 
2289	125 
2290	162 
2291	13 
2292	116 
2293	219 
2294	256 
2295	143 
2296	98 
2297	288 
2298	11 
2299	280 
2300	182 
2301	202 
2302	84 
2303	162 
2304	63 
2305	183 
2306	135 
2307	68 
2308	250 
2309	266 
2310	252 
2311	28 
2312	119 
2313	44 
2314	87 
2315	7 
2316	13 
2317	171 
2318	113 
2319	155 
2320	162 
2321	70 
2322	121 
2323	32 
2324	289 
2325	206 
2326	238 
2327	113 
2328	148 
2329	146 
2330	171 
2331	47 
2332	199 
2333	265 
2334	140 
2335	6 
2336	88 
2337	83 
2338	163 
2339	47 
2340	56 
2341	6 
2342	60 
2343	120 
2344	107 
2345	268 
2346	98 
2347	65 
2348	48 
2349	83 
2350	27 
2351	138 
2352	141 
2353	189 
2354	274 
2355	187 
2356	265 
2357	282 
2358	178 
2359	174 
2360	120 
2361	272 
2362	254 
2363	274 
2364	107 
2365	13 
2366	26 
2367	99 
2368	135 
2369	191 
2370	151 
2371	123 
2372	76 
2373	212 
2374	62 
2375	262 
2376	54 
2377	207 
2378	162 
2379	82 
2380	137 
2381	267 
2382	203 
2383	61 
2384	240 
2385	149 
2386	277 
2387	265 
2388	132 
2389	210 
2390	207 
2391	199 
2392	59 
2393	23 
2394	142 
2395	31 
2396	107 
2397	98 
2398	259 
2399	225 
2400	271 
2401	156 
2402	275 
2403	262 
2404	44 
2405	32 
2406	125 
2407	142 
2408	186 
2409	194 
2410	192 
2411	104 
2412	36 
2413	115 
2414	233 
2415	285 
2416	283 
2417	38 
2418	283 
2419	66 
2420	93 
2421	137 
2422	44 
2423	176 
2424	6 
2425	43 
2426	247 
2427	151 
2428	289 
2429	71 
2430	275 
2431	217 
2432	142 
2433	71 
2434	124 
2435	51 
2436	247 
2437	267 
2438	88 
2439	171 
2440	205 
2441	61 
2442	194 
2443	13 
2444	196 
2445	251 
2446	168 
2447	288 
2448	120 
2449	48 
2450	30 
2451	285 
2452	127 
2453	221 
2454	95 
2455	192 
2456	109 
2457	95 
2458	34 
2459	267 
2460	137 
2461	109 
2462	267 
2463	24 
2464	243 
2465	141 
2466	222 
2467	175 
2468	32 
2469	21 
2470	13 
2471	29 
2472	137 
2473	38 
2474	143 
2475	231 
2476	261 
2477	191 
2478	229 
2479	8 
2480	208 
2481	135 
2482	174 
2483	245 
2484	145 
2485	33 
2486	224 
2487	278 
2488	105 
2489	267 
2490	203 
2491	93 
2492	125 
2493	229 
2494	219 
2495	166 
2496	47 
2497	103 
2498	197 
2499	60 
2500	51 
2501	52 
2502	78 
2503	68 
2504	74 
2505	4 
2506	132 
2507	248 
2508	202 
2509	163 
2510	122 
2511	162 
2512	44 
2513	260 
2514	229 
2515	239 
2516	268 
2517	129 
2518	40 
2519	229 
2520	31 
2521	281 
2522	28 
2523	196 
2524	141 
2525	177 
2526	282 
2527	6 
2528	257 
2529	26 
2530	144 
2531	166 
2532	38 
2533	275 
2534	56 
2535	170 
2536	135 
2537	179 
2538	260 
2539	112 
2540	107 
2541	147 
2542	227 
2543	19 
2544	59 
2545	274 
2546	38 
2547	95 
2548	21 
2549	92 
2550	209 
2551	59 
2552	284 
2553	258 
2554	276 
2555	141 
2556	6 
2557	101 
2558	75 
2559	99 
2560	238 
2561	114 
2562	59 
2563	67 
2564	27 
2565	99 
2566	106 
2567	176 
2568	285 
2569	23 
2570	47 
2571	31 
2572	12 
2573	14 
2574	13 
2575	213 
2576	234 
2577	78 
2578	97 
2579	120 
2580	191 
2581	258 
2582	8 
2583	171 
2584	220 
2585	65 
2586	259 
2587	222 
2588	63 
2589	95 
2590	270 
2591	48 
2592	272 
2593	93 
2594	151 
2595	13 
2596	92 
2597	66 
2598	3 
2599	3 
2600	144 
2601	167 
2602	88 
2603	30 
2604	219 
2605	144 
2606	64 
2607	147 
2608	47 
2609	135 
2610	256 
2611	140 
2612	126 
2613	186 
2614	87 
2615	167 
2616	179 
2617	65 
2618	81 
2619	259 
2620	182 
2621	32 
2622	16 
2623	46 
2624	21 
2625	72 
2626	247 
2627	13 
2628	277 
2629	191 
2630	107 
2631	83 
2632	183 
2633	152 
2634	42 
2635	55 
2636	58 
2637	149 
2638	118 
2639	33 
2640	71 
2641	83 
2642	243 
2643	13 
2644	146 
2645	282 
2646	240 
2647	151 
2648	141 
2649	210 
2650	250 
2651	191 
2652	288 
2653	25 
2654	205 
2655	267 
2656	85 
2657	119 
2658	197 
2659	145 
2660	144 
2661	214 
2662	196 
2663	199 
2664	182 
2665	143 
2666	260 
2667	116 
2668	243 
2669	225 
2670	96 
2671	105 
2672	27 
2673	265 
2674	3 
2675	223 
2676	130 
2677	217 
2678	282 
2679	174 
2680	130 
2681	229 
2682	162 
2683	172 
2684	83 
2685	156 
2686	71 
2687	83 
2688	263 
2689	274 
2690	144 
2691	192 
2692	259 
2693	71 
2694	195 
2695	168 
2696	71 
2697	288 
2698	285 
2699	54 
2700	245 
2701	202 
2702	8 
2703	217 
2704	46 
2705	63 
2706	198 
2707	120 
2708	98 
2709	8 
2710	268 
2711	137 
2712	231 
2713	281 
2714	83 
2715	289 
2716	208 
2717	38 
2718	118 
2719	187 
2720	30 
2721	251 
2722	98 
2723	90 
2724	38 
2725	9 
2726	291 
2727	194 
2728	266 
2729	210 
2730	44 
2731	38 
2732	8 
2733	120 
2734	272 
2735	197 
2736	282 
2737	242 
2738	5 
2739	196 
2740	143 
2741	67 
2742	104 
2743	154 
2744	14 
2745	151 
2746	35 
2747	129 
2748	232 
2749	277 
2750	187 
2751	195 
2752	66 
2753	252 
2754	127 
2755	142 
2756	124 
2757	47 
2758	116 
2759	117 
2760	47 
2761	29 
2762	210 
2763	20 
2764	269 
2765	202 
2766	107 
2767	22 
2768	282 
2769	137 
2770	113 
2771	137 
2772	8 
2773	229 
2774	24 
2775	221 
2776	2 
2777	204 
2778	72 
2779	247 
2780	255 
2781	42 
2782	262 
2783	288 
2784	168 
2785	101 
2786	190 
2787	174 
2788	208 
2789	289 
2790	229 
2791	146 
2792	86 
2793	238 
2794	171 
2795	151 
2796	92 
2797	173 
2798	62 
2799	19 
2800	67 
2801	231 
2802	277 
2803	116 
2804	98 
2805	174 
2806	218 
2807	172 
2808	23 
2809	39 
2810	88 
2811	178 
2812	4 
2813	205 
2814	113 
2815	2 
2816	126 
2817	25 
2818	197 
2819	253 
2820	151 
2821	250 
2822	269 
2823	88 
2824	61 
2825	229 
2826	210 
2827	78 
2828	202 
2829	154 
2830	18 
2831	11 
2832	267 
2833	44 
2834	61 
2835	231 
2836	83 
2837	187 
2838	248 
2839	14 
2840	86 
2841	151 
2842	171 
2843	249 
2844	233 
2845	62 
2846	143 
2847	126 
2848	254 
2849	137 
2850	105 
2851	13 
2852	42 
2853	13 
2854	99 
2855	108 
2856	61 
2857	206 
2858	104 
2859	140 
2860	231 
2861	19 
2862	13 
2863	291 
2864	31 
2865	123 
2866	12 
2867	239 
2868	146 
2869	281 
2870	151 
2871	224 
2872	267 
2873	217 
2874	236 
2875	34 
2876	125 
2877	177 
2878	121 
2879	121 
2880	178 
2881	206 
2882	252 
2883	281 
2884	36 
2885	202 
2886	83 
2887	53 
2888	215 
2889	196 
2890	264 
2891	99 
2892	99 
2893	232 
2894	4 
2895	27 
2896	165 
2897	142 
2898	131 
2899	125 
2900	48 
2901	105 
2902	275 
2903	199 
2904	138 
2905	149 
2906	49 
2907	44 
2908	6 
2909	172 
2910	53 
2911	268 
2912	233 
2913	261 
2914	6 
2915	16 
2916	130 
2917	174 
2918	282 
2919	107 
2920	97 
2921	173 
2922	143 
2923	175 
2924	44 
2925	116 
2926	253 
2927	87 
2928	98 
2929	168 
2930	210 
2931	41 
2932	221 
2933	222 
2934	92 
2935	146 
2936	18 
2937	74 
2938	202 
2939	226 
2940	116 
2941	93 
2942	77 
2943	35 
2944	56 
2945	38 
2946	220 
2947	175 
2948	91 
2949	36 
2950	40 
2951	142 
2952	107 
2953	68 
2954	171 
2955	243 
2956	109 
2957	288 
2958	140 
2959	207 
2960	19 
2961	141 
2962	274 
2963	192 
2964	262 
2965	104 
2966	130 
2967	219 
2968	110 
2969	142 
2970	266 
2971	11 
2972	36 
2973	248 
2974	278 
2975	205 
2976	282 
2977	33 
2978	39 
2979	71 
2980	269 
2981	282 
2982	178 
2983	247 
2984	281 
2985	275 
2986	267 
2987	134 
2988	260 
2989	37 
2990	1 
2991	58 
2992	138 
2993	131 
2994	191 
2995	116 
2996	8 
2997	86 
2998	126 
2999	108 
3000	50 
3001	215 
3002	230 
3003	153 
3004	183 
3005	130 
3006	15 
3007	202 
3008	75 
3009	283 
3010	231 
3011	159 
3012	97 
3013	45 
3014	288 
3015	11 
3016	41 
3017	286 
3018	120 
3019	64 
3020	280 
3021	191 
3022	207 
3023	201 
3024	217 
3025	51 
3026	14 
3027	204 
3028	45 
3029	210 
3030	37 
3031	242 
3032	48 
3033	234 
3034	63 
3035	47 
3036	162 
3037	265 
3038	78 
3039	262 
3040	89 
3041	56 
3042	98 
3043	19 
3044	130 
3045	233 
3046	164 
3047	202 
3048	66 
3049	78 
3050	288 
3051	155 
3052	14 
3053	188 
3054	124 
3055	50 
3056	289 
3057	176 
3058	225 
3059	288 
3060	54 
3061	285 
3062	164 
3063	154 
3064	203 
3065	130 
3066	191 
3067	245 
3068	184 
3069	132 
3070	254 
3071	66 
3072	175 
3073	109 
3074	151 
3075	194 
3076	167 
3077	81 
3078	102 
3079	61 
3080	258 
3081	51 
3082	194 
3083	28 
3084	56 
3085	280 
3086	270 
3087	144 
3088	71 
3089	30 
3090	200 
3091	193 
3092	211 
3093	141 
3094	186 
3095	137 
3096	256 
3097	192 
3098	281 
3099	141 
3100	210 
3101	98 
3102	125 
3103	32 
3104	92 
3105	26 
3106	275 
3107	196 
3108	271 
3109	188 
3110	161 
3111	78 
3112	4 
3113	137 
3114	135 
3115	139 
3116	116 
3117	89 
3118	217 
3119	174 
3120	243 
3121	130 
3122	233 
3123	3 
3124	137 
3125	6 
3126	6 
3127	210 
3128	189 
3129	246 
3130	64 
3131	69 
3132	178 
3133	153 
3134	274 
3135	113 
3136	44 
3137	180 
3138	38 
3139	1 
3140	286 
3141	54 
3142	278 
3143	119 
3144	99 
3145	237 
3146	52 
3147	41 
3148	174 
3149	89 
3150	192 
3151	116 
3152	196 
3153	250 
3154	5 
3155	250 
3156	59 
3157	31 
3158	17 
3159	153 
3160	212 
3161	8 
3162	229 
3163	56 
3164	124 
3165	77 
3166	157 
3167	62 
3168	142 
3169	147 
3170	139 
3171	137 
3172	139 
3173	197 
3174	276 
3175	230 
3176	255 
3177	35 
3178	146 
3179	55 
3180	188 
3181	62 
3182	19 
3183	81 
3184	282 
3185	192 
3186	273 
3187	61 
3188	147 
3189	48 
3190	30 
3191	73 
3192	88 
3193	54 
3194	86 
3195	226 
3196	202 
3197	5 
3198	92 
3199	255 
3200	80 
3201	92 
3202	37 
3203	291 
3204	282 
3205	173 
3206	204 
3207	20 
3208	201 
3209	8 
3210	265 
3211	98 
3212	199 
3213	37 
3214	1 
3215	289 
3216	149 
3217	20 
3218	3 
3219	64 
3220	82 
3221	47 
3222	104 
3223	247 
3224	135 
3225	217 
3226	47 
3227	103 
3228	41 
3229	83 
3230	72 
3231	88 
3232	89 
3233	155 
3234	60 
3235	74 
3236	141 
3237	239 
3238	61 
3239	254 
3240	59 
3241	19 
3242	98 
3243	252 
3244	116 
3245	16 
3246	31 
3247	47 
3248	162 
3249	95 
3250	175 
3251	124 
3252	87 
3253	282 
3254	29 
3255	98 
3256	84 
3257	164 
3258	83 
3259	273 
3260	80 
3261	168 
3262	251 
3263	167 
3264	38 
3265	229 
3266	38 
3267	120 
3268	1 
3269	253 
3270	87 
3271	29 
3272	153 
3273	99 
3274	141 
3275	230 
3276	195 
3277	254 
3278	289 
3279	276 
3280	66 
3281	101 
3282	217 
3283	116 
3284	250 
3285	184 
3286	222 
3287	54 
3288	108 
3289	184 
3290	282 
3291	191 
3292	12 
3293	285 
3294	262 
3295	135 
3296	104 
3297	47 
3298	192 
3299	118 
3300	24 
3301	26 
3302	33 
3303	41 
3304	137 
3305	164 
3306	195 
3307	154 
3308	280 
3309	38 
3310	73 
3311	97 
3312	33 
3313	141 
3314	180 
3315	199 
3316	252 
3317	91 
3318	135 
3319	217 
3320	264 
3321	291 
3322	255 
3323	283 
3324	47 
3325	204 
3326	88 
3327	71 
3328	278 
3329	161 
3330	245 
3331	108 
3332	8 
3333	256 
3334	218 
3335	178 
3336	83 
3337	34 
3338	3 
3339	144 
3340	100 
3341	98 
3342	238 
3343	83 
3344	55 
3345	282 
3346	208 
3347	18 
3348	47 
3349	194 
3350	116 
3351	41 
3352	137 
3353	143 
3354	202 
3355	151 
3356	71 
3357	275 
3358	202 
3359	187 
3360	162 
3361	188 
3362	133 
3363	218 
3364	39 
3365	112 
3366	49 
3367	275 
3368	43 
3369	15 
3370	141 
3371	251 
3372	30 
3373	126 
3374	277 
3375	151 
3376	35 
3377	154 
3378	106 
3379	80 
3380	288 
3381	251 
3382	231 
3383	153 
3384	56 
3385	185 
3386	140 
3387	64 
3388	242 
3389	217 
3390	13 
3391	99 
3392	60 
3393	254 
3394	196 
3395	125 
3396	154 
3397	135 
3398	249 
3399	275 
3400	171 
3401	106 
3402	147 
3403	275 
3404	75 
3405	147 
3406	35 
3407	14 
3408	258 
3409	74 
3410	143 
3411	1 
3412	63 
3413	64 
3414	265 
3415	196 
3416	207 
3417	140 
3418	90 
3419	8 
3420	95 
3421	213 
3422	13 
3423	128 
3424	228 
3425	125 
3426	41 
3427	113 
3428	37 
3429	110 
3430	86 
3431	29 
3432	38 
3433	178 
3434	18 
3435	282 
3436	229 
3437	167 
3438	115 
3439	64 
3440	281 
3441	59 
3442	83 
3443	196 
3444	285 
3445	144 
3446	187 
3447	96 
3448	82 
3449	7 
3450	274 
3451	135 
3452	238 
3453	8 
3454	170 
3455	81 
3456	249 
3457	27 
3458	286 
3459	72 
3460	221 
3461	277 
3462	14 
3463	17 
3464	162 
3465	250 
3466	72 
3467	201 
3468	92 
3469	179 
3470	87 
3471	140 
3472	144 
3473	16 
3474	238 
3475	139 
3476	165 
3477	261 
3478	26 
3479	283 
3480	71 
3481	107 
3482	71 
3483	187 
3484	192 
3485	222 
3486	173 
3487	229 
3488	142 
3489	253 
3490	206 
3491	49 
3492	58 
3493	56 
3494	139 
3495	147 
3496	242 
3497	90 
3498	79 
3499	173 
3500	100 
3501	162 
3502	229 
3503	37 
3504	261 
3505	250 
3506	175 
3507	112 
3508	174 
3509	5 
3510	149 
3511	33 
3512	102 
3513	212 
3514	1 
3515	37 
3516	97 
3517	187 
3518	284 
3519	8 
3520	102 
3521	168 
3522	143 
3523	98 
3524	165 
3525	190 
3526	47 
3527	100 
3528	93 
3529	15 
3530	233 
3531	238 
3532	256 
3533	208 
3534	98 
3535	190 
3536	65 
3537	71 
3538	151 
3539	219 
3540	137 
3541	212 
3542	203 
3543	90 
3544	87 
3545	92 
3546	3 
3547	31 
3548	135 
3549	277 
3550	48 
3551	282 
3552	233 
3553	130 
3554	188 
3555	130 
3556	178 
3557	206 
3558	40 
3559	288 
3560	162 
3561	156 
3562	59 
3563	135 
3564	93 
3565	36 
3566	280 
3567	38 
3568	276 
3569	162 
3570	281 
3571	144 
3572	200 
3573	22 
3574	146 
3575	164 
3576	110 
3577	67 
3578	144 
3579	52 
3580	172 
3581	88 
3582	163 
3583	4 
3584	1 
3585	102 
3586	120 
3587	78 
3588	8 
3589	178 
3590	44 
3591	282 
3592	153 
3593	33 
3594	143 
3595	201 
3596	151 
3597	155 
3598	137 
3599	64 
3600	98 
3601	56 
3602	155 
3603	275 
3604	282 
3605	191 
3606	120 
3607	33 
3608	178 
3609	125 
3610	191 
3611	205 
3612	262 
3613	136 
3614	130 
3615	247 
3616	231 
3617	142 
3618	157 
3619	38 
3620	164 
3621	30 
3622	124 
3623	144 
3624	210 
3625	101 
3626	243 
3627	130 
3628	72 
3629	258 
3630	250 
3631	38 
3632	120 
3633	136 
3634	62 
3635	46 
3636	87 
3637	263 
3638	286 
3639	56 
3640	20 
3641	47 
3642	153 
3643	162 
3644	102 
3645	59 
3646	262 
3647	8 
3648	280 
3649	137 
3650	137 
3651	175 
3652	61 
3653	70 
3654	285 
3655	130 
3656	16 
3657	149 
3658	192 
3659	186 
3660	279 
3661	243 
3662	168 
3663	118 
3664	22 
3665	56 
3666	243 
3667	141 
3668	197 
3669	87 
3670	3 
3671	191 
3672	120 
3673	134 
3674	164 
3675	23 
3676	255 
3677	216 
3678	235 
3679	250 
3680	70 
3681	210 
3682	13 
3683	262 
3684	276 
3685	124 
3686	131 
3687	253 
3688	121 
3689	272 
3690	1 
3691	205 
3692	208 
3693	83 
3694	225 
3695	68 
3696	26 
3697	70 
3698	31 
3699	188 
3700	175 
3701	275 
3702	101 
3703	52 
3704	246 
3705	135 
3706	68 
3707	4 
3708	183 
3709	217 
3710	252 
3711	222 
3712	14 
3713	107 
3714	115 
3715	291 
3716	45 
3717	145 
3718	178 
3719	120 
3720	86 
3721	290 
3722	54 
3723	1 
3724	259 
3725	127 
3726	169 
3727	276 
3728	30 
3729	98 
3730	145 
3731	251 
3732	97 
3733	118 
3734	285 
3735	120 
3736	53 
3737	185 
3738	256 
3739	87 
3740	8 
3741	288 
3742	129 
3743	231 
3744	82 
3745	5 
3746	89 
3747	210 
3748	44 
3749	124 
3750	142 
3751	209 
3752	277 
3753	118 
3754	103 
3755	243 
3756	275 
3757	92 
3758	134 
3759	13 
3760	62 
3761	191 
3762	247 
3763	73 
3764	192 
3765	200 
3766	275 
3767	175 
3768	77 
3769	178 
3770	12 
3771	116 
3772	126 
3773	79 
3774	265 
3775	31 
3776	173 
3777	119 
3778	98 
3779	116 
3780	8 
3781	27 
3782	210 
3783	120 
3784	210 
3785	13 
3786	161 
3787	164 
3788	256 
3789	59 
3790	162 
3791	118 
3792	259 
3793	285 
3794	267 
3795	65 
3796	152 
3797	273 
3798	248 
3799	242 
3800	90 
3801	99 
3802	285 
3803	11 
3804	134 
3805	194 
3806	26 
3807	31 
3808	247 
3809	86 
3810	120 
3811	27 
3812	116 
3813	217 
3814	263 
3815	277 
3816	88 
3817	83 
3818	197 
3819	91 
3820	142 
3821	87 
3822	72 
3823	93 
3824	229 
3825	14 
3826	151 
3827	66 
3828	207 
3829	37 
3830	215 
3831	171 
3832	269 
3833	198 
3834	59 
3835	31 
3836	79 
3837	72 
3838	116 
3839	58 
3840	140 
3841	14 
3842	171 
3843	105 
3844	141 
3845	146 
3846	162 
3847	162 
3848	1 
3849	19 
3850	61 
3851	3 
3852	90 
3853	99 
3854	188 
3855	86 
3856	215 
3857	3 
3858	275 
3859	245 
3860	187 
3861	229 
3862	158 
3863	151 
3864	78 
3865	201 
3866	113 
3867	233 
3868	154 
3869	61 
3870	120 
3871	202 
3872	249 
3873	67 
3874	21 
3875	83 
3876	170 
3877	116 
3878	163 
3879	47 
3880	250 
3881	129 
3882	208 
3883	192 
3884	262 
3885	201 
3886	187 
3887	20 
3888	269 
3889	149 
3890	101 
3891	221 
3892	118 
3893	95 
3894	37 
3895	142 
3896	43 
3897	223 
3898	242 
3899	69 
3900	146 
3901	291 
3902	68 
3903	47 
3904	66 
3905	270 
3906	217 
3907	86 
3908	288 
3909	276 
3910	27 
3911	83 
3912	120 
3913	151 
3914	207 
3915	144 
3916	148 
3917	66 
3918	161 
3919	265 
3920	220 
3921	282 
3922	288 
3923	206 
3924	121 
3925	134 
3926	274 
3927	203 
3928	45 
3929	33 
3930	243 
3931	52 
3932	37 
3933	243 
3934	203 
3935	59 
3936	145 
3937	155 
3938	211 
3939	141 
3940	261 
3941	198 
3942	125 
3943	115 
3944	110 
3945	22 
3946	276 
3947	187 
3948	44 
3949	222 
3950	3 
3951	229 
3952	263 
3953	165 
3954	107 
3955	280 
3956	161 
3957	279 
3958	92 
3959	96 
3960	42 
3961	231 
3962	210 
3963	107 
3964	55 
3965	50 
3966	37 
3967	286 
3968	243 
3969	8 
3970	48 
3971	153 
3972	66 
3973	88 
3974	171 
3975	282 
3976	101 
3977	164 
3978	137 
3979	175 
3980	243 
3981	205 
3982	120 
3983	147 
3984	230 
3985	271 
3986	226 
3987	140 
3988	289 
3989	91 
3990	15 
3991	229 
3992	179 
3993	276 
3994	244 
3995	125 
3996	243 
3997	61 
3998	30 
3999	257 
4000	175 
4001	153 
4002	118 
4003	163 
4004	68 
4005	51 
4006	48 
4007	144 
4008	130 
4009	132 
4010	171 
4011	210 
4012	71 
4013	61 
4014	207 
4015	93 
4016	59 
4017	223 
4018	14 
4019	92 
4020	66 
4021	171 
4022	135 
4023	98 
4024	253 
4025	92 
4026	151 
4027	30 
4028	3 
4029	162 
4030	135 
4031	202 
4032	252 
4033	47 
4034	49 
4035	165 
4036	289 
4037	277 
4038	98 
4039	229 
4040	44 
4041	21 
4042	289 
4043	209 
4044	56 
4045	116 
4046	25 
4047	166 
4048	219 
4049	66 
4050	30 
4051	245 
4052	125 
4053	240 
4054	14 
4055	174 
4056	94 
4057	261 
4058	288 
4059	217 
4060	288 
4061	83 
4062	233 
4063	228 
4064	257 
4065	239 
4066	60 
4067	238 
4068	230 
4069	116 
4070	276 
4071	241 
4072	89 
4073	249 
4074	243 
4075	8 
4076	103 
4077	219 
4078	230 
4079	262 
4080	229 
4081	38 
4082	65 
4083	210 
4084	284 
4085	3 
4086	107 
4087	244 
4088	224 
4089	78 
4090	138 
4091	282 
4092	57 
4093	64 
4094	233 
4095	154 
4096	280 
4097	61 
4098	243 
4099	279 
4100	76 
4101	107 
4102	162 
4103	30 
4104	65 
4105	34 
4106	210 
4107	164 
4108	109 
4109	37 
4110	210 
4111	34 
4112	38 
4113	265 
4114	186 
4115	263 
4116	245 
4117	243 
4118	1 
4119	126 
4120	233 
4121	33 
4122	243 
4123	33 
4124	1 
4125	54 
4126	187 
4127	39 
4128	289 
4129	168 
4130	66 
4131	265 
4132	146 
4133	245 
4134	267 
4135	123 
4136	134 
4137	33 
4138	59 
4139	162 
4140	211 
4141	207 
4142	93 
4143	265 
4144	233 
4145	243 
4146	289 
4147	187 
4148	134 
4149	235 
4150	194 
4151	167 
4152	218 
4153	282 
4154	15 
4155	61 
4156	77 
4157	86 
4158	101 
4159	192 
4160	247 
4161	67 
4162	59 
4163	194 
4164	35 
4165	137 
4166	99 
4167	243 
4168	8 
4169	230 
4170	173 
4171	260 
4172	226 
4173	94 
4174	93 
4175	277 
4176	89 
4177	20 
4178	161 
4179	153 
4180	282 
4181	108 
4182	250 
4183	207 
4184	78 
4185	208 
4186	203 
4187	166 
4188	261 
4189	130 
4190	279 
4191	249 
4192	81 
4193	209 
4194	227 
4195	186 
4196	189 
4197	173 
4198	72 
4199	253 
4200	13 
4201	226 
4202	137 
4203	125 
4204	195 
4205	213 
4206	194 
4207	151 
4208	243 
4209	98 
4210	38 
4211	192 
4212	28 
4213	37 
4214	200 
4215	76 
4216	250 
4217	54 
4218	111 
4219	124 
4220	203 
4221	97 
4222	87 
4223	258 
4224	67 
4225	59 
4226	8 
4227	32 
4228	170 
4229	208 
4230	217 
4231	135 
4232	221 
4233	43 
4234	135 
4235	68 
4236	284 
4237	291 
4238	281 
4239	245 
4240	20 
4241	231 
4242	141 
4243	214 
4244	14 
4245	181 
4246	34 
4247	54 
4248	92 
4249	253 
4250	162 
4251	38 
4252	222 
4253	285 
4254	38 
4255	20 
4256	267 
4257	173 
4258	98 
4259	139 
4260	237 
4261	187 
4262	18 
4263	47 
4264	173 
4265	197 
4266	162 
4267	288 
4268	105 
4269	41 
4270	210 
4271	275 
4272	267 
4273	47 
4274	26 
4275	210 
4276	233 
4277	170 
4278	47 
4279	228 
4280	33 
4281	174 
4282	192 
4283	66 
4284	43 
4285	54 
4286	150 
4287	178 
4288	123 
4289	107 
4290	105 
4291	275 
4292	230 
4293	154 
4294	43 
4295	142 
4296	8 
4297	9 
4298	229 
4299	162 
4300	14 
4301	67 
4302	205 
4303	62 
4304	187 
4305	261 
4306	66 
4307	202 
4308	254 
4309	124 
4310	76 
4311	278 
4312	206 
4313	61 
4314	278 
4315	73 
4316	112 
4317	14 
4318	78 
4319	128 
4320	150 
4321	124 
4322	21 
4323	60 
4324	6 
4325	92 
4326	109 
4327	164 
4328	104 
4329	200 
4330	14 
4331	228 
4332	106 
4333	285 
4334	266 
4335	10 
4336	265 
4337	164 
4338	185 
4339	8 
4340	64 
4341	247 
4342	283 
4343	266 
4344	130 
4345	143 
4346	263 
4347	31 
4348	77 
4349	126 
4350	159 
4351	66 
4352	38 
4353	200 
4354	214 
4355	230 
4356	105 
4357	243 
4358	157 
4359	42 
4360	88 
4361	144 
4362	107 
4363	114 
4364	182 
4365	290 
4366	167 
4367	98 
4368	47 
4369	48 
4370	120 
4371	87 
4372	253 
4373	159 
4374	29 
4375	66 
4376	260 
4377	62 
4378	1 
4379	229 
4380	270 
4381	51 
4382	144 
4383	54 
4384	222 
4385	142 
4386	199 
4387	274 
4388	10 
4389	265 
4390	20 
4391	47 
4392	231 
4393	199 
4394	20 
4395	152 
4396	168 
4397	91 
4398	173 
4399	130 
4400	286 
4401	275 
4402	16 
4403	212 
4404	258 
4405	169 
4406	37 
4407	20 
4408	162 
4409	257 
4410	116 
4411	114 
4412	97 
4413	272 
4414	252 
4415	140 
4416	168 
4417	166 
4418	174 
4419	222 
4420	249 
4421	79 
4422	120 
4423	25 
4424	51 
4425	101 
4426	78 
4427	146 
4428	253 
4429	291 
4430	8 
4431	109 
4432	222 
4433	146 
4434	183 
4435	14 
4436	187 
4437	68 
4438	216 
4439	181 
4440	54 
4441	33 
4442	281 
4443	244 
4444	283 
4445	77 
4446	180 
4447	3 
4448	87 
4449	206 
4450	20 
4451	202 
4452	209 
4453	111 
4454	178 
4455	41 
4456	44 
4457	88 
4458	267 
4459	173 
4460	192 
4461	153 
4462	122 
4463	22 
4464	155 
4465	206 
4466	99 
4467	116 
4468	83 
4469	47 
4470	200 
4471	125 
4472	245 
4473	100 
4474	282 
4475	14 
4476	97 
4477	106 
4478	30 
4479	232 
4480	199 
4481	7 
4482	288 
4483	50 
4484	3 
4485	34 
4486	137 
4487	200 
4488	195 
4489	37 
4490	13 
4491	36 
4492	122 
4493	64 
4494	93 
4495	126 
4496	124 
4497	257 
4498	233 
4499	137 
4500	86 
4501	85 
4502	120 
4503	259 
4504	250 
4505	91 
4506	125 
4507	180 
4508	82 
4509	229 
4510	97 
4511	147 
4512	282 
4513	162 
4514	137 
4515	45 
4516	68 
4517	267 
4518	123 
4519	193 
4520	262 
4521	202 
4522	8 
4523	141 
4524	49 
4525	278 
4526	134 
4527	200 
4528	174 
4529	210 
4530	210 
4531	138 
4532	67 
4533	150 
4534	277 
4535	44 
4536	206 
4537	282 
4538	122 
4539	253 
4540	87 
4541	118 
4542	233 
4543	96 
4544	99 
4545	278 
4546	185 
4547	90 
4548	205 
4549	64 
4550	72 
4551	137 
4552	194 
4553	104 
4554	187 
4555	193 
4556	56 
4557	186 
4558	214 
4559	137 
4560	227 
4561	178 
4562	72 
4563	219 
4564	44 
4565	285 
4566	289 
4567	255 
4568	102 
4569	116 
4570	247 
4571	81 
4572	287 
4573	174 
4574	272 
4575	88 
4576	104 
4577	21 
4578	246 
4579	276 
4580	175 
4581	199 
4582	4 
4583	6 
4584	72 
4585	288 
4586	155 
4587	68 
4588	107 
4589	98 
4590	83 
4591	80 
4592	173 
4593	194 
4594	211 
4595	101 
4596	208 
4597	126 
4598	168 
4599	210 
4600	202 
4601	192 
4602	203 
4603	101 
4604	53 
4605	288 
4606	178 
4607	3 
4608	118 
4609	201 
4610	77 
4611	233 
4612	159 
4613	93 
4614	277 
4615	168 
4616	226 
4617	27 
4618	168 
4619	104 
4620	150 
4621	71 
4622	130 
4623	12 
4624	95 
4625	89 
4626	58 
4627	2 
4628	59 
4629	276 
4630	101 
4631	146 
4632	254 
4633	33 
4634	1 
4635	142 
4636	215 
4637	142 
4638	33 
4639	228 
4640	211 
4641	133 
4642	14 
4643	141 
4644	94 
4645	218 
4646	62 
4647	182 
4648	105 
4649	249 
4650	206 
4651	5 
4652	41 
4653	243 
4654	87 
4655	50 
4656	10 
4657	216 
4658	109 
4659	19 
4660	217 
4661	285 
4662	137 
4663	173 
4664	142 
4665	29 
4666	190 
4667	158 
4668	61 
4669	146 
4670	285 
4671	78 
4672	62 
4673	9 
4674	282 
4675	61 
4676	208 
4677	15 
4678	136 
4679	174 
4680	101 
4681	144 
4682	51 
4683	101 
4684	200 
4685	137 
4686	270 
4687	57 
4688	118 
4689	6 
4690	194 
4691	31 
4692	173 
4693	289 
4694	33 
4695	171 
4696	268 
4697	59 
4698	101 
4699	208 
4700	3 
4701	171 
4702	261 
4703	143 
4704	250 
4705	8 
4706	38 
4707	10 
4708	257 
4709	66 
4710	229 
4711	188 
4712	13 
4713	212 
4714	47 
4715	16 
4716	240 
4717	221 
4718	83 
4719	71 
4720	205 
4721	291 
4722	78 
4723	202 
4724	156 
4725	92 
4726	130 
4727	282 
4728	98 
4729	14 
4730	162 
4731	120 
4732	47 
4733	283 
4734	91 
4735	178 
4736	171 
4737	210 
4738	261 
4739	208 
4740	240 
4741	289 
4742	291 
4743	120 
4744	3 
4745	135 
4746	150 
4747	137 
4748	271 
4749	183 
4750	81 
4751	47 
4752	110 
4753	281 
4754	54 
4755	281 
4756	243 
4757	7 
4758	122 
4759	192 
4760	16 
4761	196 
4762	258 
4763	288 
4764	200 
4765	134 
4766	277 
4767	249 
4768	288 
4769	70 
4770	26 
4771	178 
4772	135 
4773	84 
4774	290 
4775	72 
4776	92 
4777	92 
4778	31 
4779	105 
4780	194 
4781	29 
4782	26 
4783	42 
4784	4 
4785	250 
4786	14 
4787	107 
4788	19 
4789	81 
4790	67 
4791	253 
4792	47 
4793	86 
4794	3 
4795	274 
4796	95 
4797	22 
4798	200 
4799	263 
4800	189 
4801	16 
4802	249 
4803	184 
4804	86 
4805	87 
4806	77 
4807	182 
4808	247 
4809	37 
4810	277 
4811	192 
4812	210 
4813	249 
4814	262 
4815	194 
4816	207 
4817	14 
4818	142 
4819	289 
4820	34 
4821	40 
4822	179 
4823	73 
4824	146 
4825	118 
4826	71 
4827	97 
4828	249 
4829	43 
4830	30 
4831	164 
4832	38 
4833	93 
4834	277 
4835	186 
4836	3 
4837	141 
4838	152 
4839	243 
4840	56 
4841	15 
4842	28 
4843	162 
4844	116 
4845	280 
4846	4 
4847	70 
4848	203 
4849	217 
4850	246 
4851	142 
4852	236 
4853	37 
4854	266 
4855	174 
4856	78 
4857	267 
4858	160 
4859	289 
4860	189 
4861	156 
4862	54 
4863	3 
4864	191 
4865	43 
4866	245 
4867	194 
4868	228 
4869	92 
4870	216 
4871	64 
4872	282 
4873	41 
4874	25 
4875	103 
4876	207 
4877	33 
4878	184 
4879	254 
4880	153 
4881	126 
4882	273 
4883	105 
4884	31 
4885	289 
4886	170 
4887	290 
4888	222 
4889	254 
4890	91 
4891	56 
4892	132 
4893	61 
4894	191 
4895	95 
4896	172 
4897	279 
4898	83 
4899	151 
4900	143 
4901	210 
4902	167 
4903	122 
4904	249 
4905	38 
4906	174 
4907	197 
4908	149 
4909	109 
4910	85 
4911	218 
4912	159 
4913	269 
4914	206 
4915	125 
4916	47 
4917	187 
4918	63 
4919	79 
4920	285 
4921	103 
4922	197 
4923	72 
4924	161 
4925	8 
4926	38 
4927	100 
4928	201 
4929	219 
4930	52 
4931	140 
4932	243 
4933	191 
4934	131 
4935	207 
4936	126 
4937	144 
4938	275 
4939	160 
4940	232 
4941	220 
4942	3 
4943	60 
4944	241 
4945	1 
4946	86 
4947	141 
4948	178 
4949	59 
4950	54 
4951	126 
4952	78 
4953	41 
4954	124 
4955	275 
4956	242 
4957	212 
4958	16 
4959	189 
4960	226 
4961	161 
4962	104 
4963	249 
4964	137 
4965	277 
4966	84 
4967	178 
4968	137 
4969	231 
4970	287 
4971	22 
4972	158 
4973	14 
4974	72 
4975	229 
4976	65 
4977	234 
4978	85 
4979	220 
4980	149 
4981	191 
4982	1 
4983	282 
4984	165 
4985	281 
4986	192 
4987	70 
4988	193 
4989	111 
4990	267 
4991	142 
4992	213 
4993	99 
4994	95 
4995	288 
4996	19 
4997	8 
4998	105 
4999	20 
5000	184 
5001	86 
5002	142 
5003	67 
5004	97 
5005	4 
5006	210 
5007	98 
5008	218 
5009	14 
5010	289 
5011	80 
5012	56 
5013	8 
5014	120 
5015	68 
5016	142 
5017	289 
5018	86 
5019	289 
5020	24 
5021	162 
5022	162 
5023	104 
5024	68 
5025	58 
5026	157 
5027	175 
5028	170 
5029	70 
5030	178 
5031	254 
5032	219 
5033	223 
5034	273 
5035	1 
5036	207 
5037	159 
5038	126 
5039	55 
5040	195 
5041	75 
5042	162 
5043	101 
5044	250 
5045	20 
5046	191 
5047	245 
5048	94 
5049	52 
5050	21 
5051	182 
5052	130 
5053	223 
5054	194 
5055	31 
5056	107 
5057	107 
5058	289 
5059	284 
5060	129 
5061	6 
5062	101 
5063	8 
5064	258 
5065	130 
5066	189 
5067	119 
5068	215 
5069	182 
5070	83 
5071	94 
5072	107 
5073	195 
5074	199 
5075	101 
5076	185 
5077	165 
5078	123 
5079	251 
5080	142 
5081	107 
5082	74 
5083	289 
5084	229 
5085	110 
5086	140 
5087	109 
5088	149 
5089	83 
5090	98 
5091	16 
5092	96 
5093	49 
5094	204 
5095	223 
5096	37 
5097	100 
5098	88 
5099	66 
5100	177 
5101	164 
5102	230 
5103	215 
5104	128 
5105	26 
5106	237 
5107	154 
5108	173 
5109	88 
5110	40 
5111	44 
5112	240 
5113	274 
5114	54 
5115	93 
5116	25 
5117	135 
5118	151 
5119	140 
5120	240 
5121	159 
5122	161 
5123	59 
5124	278 
5125	258 
5126	24 
5127	98 
5128	11 
5129	23 
5130	228 
5131	231 
5132	117 
5133	47 
5134	128 
5135	172 
5136	25 
5137	107 
5138	216 
5139	258 
5140	78 
5141	235 
5142	45 
5143	227 
5144	101 
5145	164 
5146	58 
5147	120 
5148	272 
5149	249 
5150	101 
5151	118 
5152	94 
5153	38 
5154	278 
5155	60 
5156	187 
5157	234 
5158	104 
5159	67 
5160	177 
5161	141 
5162	97 
5163	16 
5164	136 
5165	27 
5166	226 
5167	152 
5168	33 
5169	38 
5170	101 
5171	223 
5172	130 
5173	13 
5174	143 
5175	109 
5176	44 
5177	56 
5178	8 
5179	217 
5180	76 
5181	156 
5182	230 
5183	98 
5184	38 
5185	124 
5186	12 
5187	62 
5188	257 
5189	146 
5190	78 
5191	84 
5192	1 
5193	127 
5194	84 
5195	8 
5196	58 
5197	285 
5198	275 
5199	264 
5200	126 
5201	289 
5202	263 
5203	232 
5204	92 
5205	197 
5206	12 
5207	9 
5208	224 
5209	187 
5210	205 
5211	174 
5212	206 
5213	211 
5214	217 
5215	222 
5216	271 
5217	165 
5218	60 
5219	202 
5220	210 
5221	69 
5222	192 
5223	137 
5224	217 
5225	173 
5226	148 
5227	14 
5228	236 
5229	178 
5230	58 
5231	179 
5232	286 
5233	276 
5234	149 
5235	188 
5236	86 
5237	128 
5238	167 
5239	47 
5240	121 
5241	120 
5242	140 
5243	210 
5244	265 
5245	153 
5246	137 
5247	282 
5248	43 
5249	187 
5250	110 
5251	137 
5252	260 
5253	250 
5254	262 
5255	229 
5256	112 
5257	88 
5258	98 
5259	30 
5260	24 
5261	124 
5262	175 
5263	38 
5264	67 
5265	288 
5266	90 
5267	70 
5268	191 
5269	243 
5270	224 
5271	85 
5272	62 
5273	268 
5274	194 
5275	8 
5276	286 
5277	10 
5278	137 
5279	143 
5280	105 
5281	205 
5282	135 
5283	42 
5284	289 
5285	36 
5286	62 
5287	72 
5288	264 
5289	275 
5290	166 
5291	61 
5292	22 
5293	66 
5294	33 
5295	19 
5296	74 
5297	34 
5298	58 
5299	87 
5300	232 
5301	245 
5302	254 
5303	61 
5304	205 
5305	3 
5306	175 
5307	117 
5308	177 
5309	222 
5310	91 
5311	217 
5312	87 
5313	253 
5314	116 
5315	143 
5316	137 
5317	135 
5318	87 
5319	70 
5320	137 
5321	268 
5322	8 
5323	59 
5324	258 
5325	7 
5326	3 
5327	211 
5328	164 
5329	47 
5330	20 
5331	254 
5332	137 
5333	92 
5334	18 
5335	208 
5336	177 
5337	192 
5338	283 
5339	194 
5340	191 
5341	85 
5342	211 
5343	275 
5344	179 
5345	191 
5346	210 
5347	143 
5348	171 
5349	244 
5350	142 
5351	154 
5352	171 
5353	3 
5354	140 
5355	175 
5356	162 
5357	1 
5358	207 
5359	84 
5360	145 
5361	36 
5362	274 
5363	87 
5364	25 
5365	55 
5366	95 
5367	219 
5368	169 
5369	16 
5370	155 
5371	76 
5372	73 
5373	47 
5374	174 
5375	115 
5376	168 
5377	265 
5378	23 
5379	97 
5380	288 
5381	148 
5382	237 
5383	26 
5384	59 
5385	18 
5386	231 
5387	243 
5388	109 
5389	250 
5390	35 
5391	136 
5392	244 
5393	21 
5394	141 
5395	168 
5396	15 
5397	283 
5398	35 
5399	137 
5400	183 
5401	182 
5402	168 
5403	205 
5404	178 
5405	61 
5406	153 
5407	164 
5408	69 
5409	194 
5410	273 
5411	47 
5412	191 
5413	244 
5414	13 
5415	274 
5416	207 
5417	62 
5418	154 
5419	188 
5420	171 
5421	20 
5422	112 
5423	101 
5424	263 
5425	68 
5426	244 
5427	130 
5428	23 
5429	65 
5430	132 
5431	102 
5432	232 
5433	265 
5434	261 
5435	178 
5436	162 
5437	187 
5438	78 
5439	71 
5440	233 
5441	151 
5442	75 
5443	30 
5444	27 
5445	220 
5446	227 
5447	5 
5448	146 
5449	230 
5450	179 
5451	106 
5452	86 
5453	116 
5454	276 
5455	93 
5456	289 
5457	117 
5458	106 
5459	120 
5460	291 
5461	130 
5462	291 
5463	65 
5464	199 
5465	29 
5466	260 
5467	109 
5468	269 
5469	142 
5470	126 
5471	98 
5472	229 
5473	84 
5474	116 
5475	217 
5476	244 
5477	166 
5478	27 
5479	210 
5480	127 
5481	203 
5482	146 
5483	127 
5484	68 
5485	14 
5486	197 
5487	161 
5488	14 
5489	65 
5490	44 
5491	225 
5492	14 
5493	117 
5494	259 
5495	174 
5496	31 
5497	226 
5498	240 
5499	162 
5500	26 
5501	61 
5502	269 
5503	84 
5504	276 
5505	199 
5506	208 
5507	208 
5508	195 
5509	60 
5510	98 
5511	291 
5512	135 
5513	143 
5514	208 
5515	56 
5516	217 
5517	248 
5518	59 
5519	93 
5520	289 
5521	141 
5522	92 
5523	210 
5524	37 
5525	155 
5526	34 
5527	190 
5528	199 
5529	245 
5530	277 
5531	56 
5532	83 
5533	214 
5534	245 
5535	212 
5536	56 
5537	14 
5538	266 
5539	199 
5540	162 
5541	169 
5542	101 
5543	57 
5544	157 
5545	182 
5546	208 
5547	181 
5548	268 
5549	151 
5550	191 
5551	136 
5552	135 
5553	47 
5554	134 
5555	66 
5556	56 
5557	192 
5558	71 
5559	242 
5560	87 
5561	14 
5562	168 
5563	13 
5564	113 
5565	13 
5566	141 
5567	29 
5568	174 
5569	59 
5570	199 
5571	178 
5572	103 
5573	130 
5574	47 
5575	140 
5576	154 
5577	135 
5578	278 
5579	141 
5580	124 
5581	169 
5582	162 
5583	27 
5584	168 
5585	95 
5586	98 
5587	31 
5588	250 
5589	101 
5590	191 
5591	192 
5592	253 
5593	256 
5594	20 
5595	173 
5596	146 
5597	45 
5598	231 
5599	92 
5600	73 
5601	187 
5602	140 
5603	126 
5604	262 
5605	135 
5606	120 
5607	6 
5608	207 
5609	208 
5610	60 
5611	118 
5612	187 
5613	211 
5614	252 
5615	199 
5616	67 
5617	242 
5618	157 
5619	260 
5620	164 
5621	275 
5622	126 
5623	213 
5624	203 
5625	254 
5626	88 
5627	62 
5628	38 
5629	70 
5630	107 
5631	152 
5632	128 
5633	91 
5634	201 
5635	72 
5636	190 
5637	59 
5638	154 
5639	104 
5640	227 
5641	141 
5642	227 
5643	126 
5644	88 
5645	277 
5646	173 
5647	66 
5648	36 
5649	171 
5650	155 
5651	221 
5652	208 
5653	27 
5654	140 
5655	3 
5656	258 
5657	126 
5658	260 
5659	86 
5660	274 
5661	124 
5662	25 
5663	143 
5664	8 
5665	135 
5666	212 
5667	128 
5668	151 
5669	160 
5670	55 
5671	215 
5672	262 
5673	67 
5674	236 
5675	208 
5676	119 
5677	222 
5678	66 
5679	191 
5680	125 
5681	213 
5682	51 
5683	141 
5684	162 
5685	133 
5686	180 
5687	67 
5688	226 
5689	162 
5690	288 
5691	208 
5692	60 
5693	187 
5694	275 
5695	113 
5696	173 
5697	45 
5698	75 
5699	47 
5700	126 
5701	78 
5702	166 
5703	6 
5704	67 
5705	13 
5706	250 
5707	288 
5708	151 
5709	20 
5710	235 
5711	194 
5712	134 
5713	56 
5714	274 
5715	145 
5716	210 
5717	170 
5718	135 
5719	122 
5720	284 
5721	53 
5722	214 
5723	101 
5724	173 
5725	86 
5726	122 
5727	79 
5728	125 
5729	200 
5730	174 
5731	259 
5732	83 
5733	245 
5734	194 
5735	135 
5736	252 
5737	33 
5738	288 
5739	137 
5740	77 
5741	99 
5742	171 
5743	216 
5744	161 
5745	107 
5746	249 
5747	171 
5748	179 
5749	250 
5750	266 
5751	31 
5752	233 
5753	61 
5754	7 
5755	102 
5756	57 
5757	88 
5758	29 
5759	229 
5760	3 
5761	268 
5762	213 
5763	113 
5764	86 
5765	172 
5766	61 
5767	121 
5768	38 
5769	182 
5770	99 
5771	128 
5772	124 
5773	89 
5774	75 
5775	243 
5776	207 
5777	90 
5778	68 
5779	68 
5780	252 
5781	133 
5782	96 
5783	164 
5784	199 
5785	178 
5786	233 
5787	149 
5788	118 
5789	282 
5790	27 
5791	61 
5792	285 
5793	123 
5794	260 
5795	237 
5796	83 
5797	233 
5798	210 
5799	263 
5800	217 
5801	291 
5802	98 
5803	285 
5804	162 
5805	252 
5806	232 
5807	229 
5808	83 
5809	192 
5810	218 
5811	81 
5812	65 
5813	276 
5814	118 
5815	61 
5816	155 
5817	272 
5818	203 
5819	94 
5820	67 
5821	101 
5822	132 
5823	263 
5824	252 
5825	275 
5826	253 
5827	194 
5828	116 
5829	274 
5830	207 
5831	91 
5832	146 
5833	201 
5834	174 
5835	64 
5836	217 
5837	109 
5838	60 
5839	116 
5840	66 
5841	222 
5842	6 
5843	64 
5844	164 
5845	101 
5846	141 
5847	188 
5848	84 
5849	47 
5850	178 
5851	98 
5852	51 
5853	164 
5854	277 
5855	191 
5856	71 
5857	289 
5858	279 
5859	159 
5860	51 
5861	164 
5862	67 
5863	241 
5864	14 
5865	194 
5866	281 
5867	20 
5868	191 
5869	216 
5870	283 
5871	52 
5872	118 
5873	68 
5874	267 
5875	249 
5876	20 
5877	189 
5878	289 
5879	32 
5880	284 
5881	42 
5882	62 
5883	149 
5884	34 
5885	99 
5886	4 
5887	151 
5888	188 
5889	249 
5890	158 
5891	134 
5892	13 
5893	87 
5894	281 
5895	179 
5896	76 
5897	195 
5898	37 
5899	231 
5900	137 
5901	265 
5902	42 
5903	103 
5904	223 
5905	60 
5906	224 
5907	225 
5908	206 
5909	118 
5910	137 
5911	72 
5912	239 
5913	127 
5914	184 
5915	284 
5916	134 
5917	275 
5918	157 
5919	277 
5920	199 
5921	98 
5922	91 
5923	3 
5924	253 
5925	275 
5926	64 
5927	152 
5928	276 
5929	200 
5930	60 
5931	215 
5932	136 
5933	168 
5934	75 
5935	109 
5936	275 
5937	54 
5938	14 
5939	188 
5940	264 
5941	287 
5942	105 
5943	231 
5944	199 
5945	118 
5946	27 
5947	207 
5948	62 
5949	158 
5950	48 
5951	187 
5952	272 
5953	184 
5954	83 
5955	137 
5956	142 
5957	13 
5958	142 
5959	125 
5960	20 
5961	56 
5962	191 
5963	78 
5964	291 
5965	245 
5966	262 
5967	114 
5968	275 
5969	195 
5970	72 
5971	289 
5972	38 
5973	167 
5974	59 
5975	253 
5976	164 
5977	134 
5978	246 
5979	171 
5980	107 
5981	66 
5982	237 
5983	77 
5984	99 
5985	193 
5986	138 
5987	91 
5988	288 
5989	243 
5990	149 
5991	73 
5992	121 
5993	64 
5994	282 
5995	178 
5996	142 
5997	78 
5998	210 
5999	102 
6000	54 
6001	82 
6002	111 
6003	88 
6004	60 
6005	173 
6006	210 
6007	81 
6008	27 
6009	3 
6010	98 
6011	221 
6012	84 
6013	97 
6014	287 
6015	264 
6016	54 
6017	289 
6018	130 
6019	175 
6020	146 
6021	44 
6022	68 
6023	1 
6024	164 
6025	185 
6026	217 
6027	194 
6028	44 
6029	70 
6030	192 
6031	5 
6032	122 
6033	124 
6034	20 
6035	67 
6036	90 
6037	89 
6038	277 
6039	61 
6040	258 
6041	228 
6042	42 
6043	8 
6044	8 
6045	192 
6046	229 
6047	241 
6048	104 
6049	173 
6050	118 
6051	143 
6052	69 
6053	231 
6054	176 
6055	70 
6056	38 
6057	191 
6058	153 
6059	207 
6060	3 
6061	207 
6062	277 
6063	140 
6064	22 
6065	14 
6066	47 
6067	135 
6068	102 
6069	214 
6070	288 
6071	79 
6072	236 
6073	13 
6074	284 
6075	118 
6076	231 
6077	183 
6078	67 
6079	120 
6080	13 
6081	102 
6082	105 
6083	185 
6084	31 
6085	1 
6086	236 
6087	30 
6088	155 
6089	228 
6090	19 
6091	56 
6092	206 
6093	25 
6094	67 
6095	191 
6096	110 
6097	209 
6098	124 
6099	130 
6100	120 
6101	188 
6102	29 
6103	143 
6104	9 
6105	5 
6106	208 
6107	196 
6108	254 
6109	25 
6110	128 
6111	122 
6112	14 
6113	99 
6114	183 
6115	151 
6116	128 
6117	193 
6118	130 
6119	274 
6120	164 
6121	56 
6122	212 
6123	258 
6124	247 
6125	149 
6126	198 
6127	229 
6128	175 
6129	283 
6130	250 
6131	168 
6132	151 
6133	73 
6134	91 
6135	168 
6136	192 
6137	30 
6138	59 
6139	142 
6140	60 
6141	156 
6142	118 
6143	240 
6144	78 
6145	140 
6146	141 
6147	274 
6148	196 
6149	9 
6150	14 
6151	179 
6152	271 
6153	127 
6154	216 
6155	67 
6156	143 
6157	85 
6158	246 
6159	86 
6160	56 
6161	71 
6162	82 
6163	41 
6164	272 
6165	141 
6166	141 
6167	199 
6168	276 
6169	146 
6170	195 
6171	143 
6172	201 
6173	230 
6174	8 
6175	21 
6176	177 
6177	4 
6178	83 
6179	134 
6180	270 
6181	88 
6182	141 
6183	200 
6184	253 
6185	8 
6186	92 
6187	196 
6188	151 
6189	146 
6190	9 
6191	89 
6192	83 
6193	102 
6194	30 
6195	262 
6196	142 
6197	61 
6198	48 
6199	32 
6200	84 
6201	155 
6202	63 
6203	47 
6204	98 
6205	111 
6206	78 
6207	79 
6208	207 
6209	26 
6210	208 
6211	248 
6212	191 
6213	97 
6214	226 
6215	281 
6216	140 
6217	84 
6218	171 
6219	243 
6220	20 
6221	10 
6222	126 
6223	14 
6224	127 
6225	141 
6226	105 
6227	235 
6228	14 
6229	250 
6230	68 
6231	288 
6232	67 
6233	103 
6234	83 
6235	101 
6236	72 
6237	168 
6238	97 
6239	83 
6240	130 
6241	44 
6242	225 
6243	127 
6244	176 
6245	210 
6246	117 
6247	26 
6248	116 
6249	205 
6250	109 
6251	83 
6252	60 
6253	97 
6254	174 
6255	98 
6256	194 
6257	208 
6258	1 
6259	48 
6260	28 
6261	207 
6262	188 
6263	203 
6264	133 
6265	282 
6266	118 
6267	29 
6268	282 
6269	174 
6270	274 
6271	204 
6272	258 
6273	175 
6274	233 
6275	55 
6276	277 
6277	135 
6278	217 
6279	147 
6280	277 
6281	18 
6282	78 
6283	160 
6284	146 
6285	134 
6286	20 
6287	151 
6288	78 
6289	98 
6290	171 
6291	59 
6292	184 
6293	6 
6294	68 
6295	125 
6296	151 
6297	207 
6298	133 
6299	275 
6300	13 
6301	89 
6302	258 
6303	92 
6304	288 
6305	79 
6306	289 
6307	208 
6308	83 
6309	202 
6310	141 
6311	59 
6312	101 
6313	60 
6314	250 
6315	210 
6316	142 
6317	282 
6318	245 
6319	26 
6320	206 
6321	211 
6322	5 
6323	250 
6324	59 
6325	241 
6326	243 
6327	267 
6328	78 
6329	184 
6330	55 
6331	36 
6332	59 
6333	97 
6334	249 
6335	54 
6336	233 
6337	71 
6338	84 
6339	71 
6340	277 
6341	72 
6342	8 
6343	208 
6344	193 
6345	285 
6346	141 
6347	290 
6348	162 
6349	187 
6350	176 
6351	22 
6352	130 
6353	229 
6354	87 
6355	140 
6356	23 
6357	160 
6358	211 
6359	56 
6360	233 
6361	64 
6362	276 
6363	243 
6364	126 
6365	9 
6366	70 
6367	34 
6368	38 
6369	30 
6370	27 
6371	16 
6372	242 
6373	93 
6374	66 
6375	219 
6376	55 
6377	277 
6378	191 
6379	201 
6380	222 
6381	64 
6382	207 
6383	98 
6384	66 
6385	8 
6386	135 
6387	183 
6388	60 
6389	63 
6390	8 
6391	3 
6392	3 
6393	69 
6394	262 
6395	120 
6396	229 
6397	167 
6398	107 
6399	68 
6400	67 
6401	149 
6402	47 
6403	67 
6404	212 
6405	52 
6406	221 
6407	291 
6408	222 
6409	44 
6410	254 
6411	80 
6412	288 
6413	97 
6414	250 
6415	130 
6416	276 
6417	179 
6418	211 
6419	151 
6420	217 
6421	222 
6422	242 
6423	44 
6424	210 
6425	191 
6426	147 
6427	138 
6428	6 
6429	8 
6430	67 
6431	104 
6432	71 
6433	273 
6434	71 
6435	187 
6436	276 
6437	288 
6438	235 
6439	134 
6440	187 
6441	107 
6442	276 
6443	145 
6444	210 
6445	25 
6446	130 
6447	105 
6448	62 
6449	97 
6450	248 
6451	222 
6452	184 
6453	34 
6454	116 
6455	260 
6456	288 
6457	96 
6458	99 
6459	168 
6460	62 
6461	34 
6462	19 
6463	54 
6464	215 
6465	141 
6466	249 
6467	109 
6468	44 
6469	124 
6470	97 
6471	222 
6472	285 
6473	4 
6474	284 
6475	61 
6476	76 
6477	143 
6478	192 
6479	60 
6480	52 
6481	28 
6482	281 
6483	141 
6484	193 
6485	190 
6486	123 
6487	83 
6488	29 
6489	272 
6490	194 
6491	70 
6492	40 
6493	125 
6494	208 
6495	18 
6496	140 
6497	199 
6498	103 
6499	262 
6500	66 
6501	130 
6502	59 
6503	143 
6504	36 
6505	134 
6506	217 
6507	206 
6508	2 
6509	171 
6510	203 
6511	21 
6512	30 
6513	8 
6514	61 
6515	281 
6516	68 
6517	142 
6518	47 
6519	274 
6520	88 
6521	288 
6522	42 
6523	143 
6524	258 
6525	167 
6526	141 
6527	11 
6528	252 
6529	90 
6530	59 
6531	29 
6532	107 
6533	47 
6534	203 
6535	178 
6536	98 
6537	9 
6538	141 
6539	31 
6540	3 
6541	118 
6542	141 
6543	174 
6544	20 
6545	271 
6546	206 
6547	6 
6548	88 
6549	24 
6550	152 
6551	267 
6552	246 
6553	111 
6554	275 
6555	229 
6556	104 
6557	54 
6558	142 
6559	270 
6560	120 
6561	217 
6562	41 
6563	41 
6564	116 
6565	170 
6566	83 
6567	262 
6568	109 
6569	192 
6570	65 
6571	138 
6572	114 
6573	282 
6574	107 
6575	135 
6576	124 
6577	27 
6578	192 
6579	254 
6580	128 
6581	155 
6582	84 
6583	194 
6584	25 
6585	143 
6586	29 
6587	93 
6588	55 
6589	11 
6590	224 
6591	155 
6592	79 
6593	275 
6594	137 
6595	78 
6596	141 
6597	98 
6598	288 
6599	170 
6600	11 
6601	113 
6602	78 
6603	219 
6604	67 
6605	99 
6606	30 
6607	245 
6608	1 
6609	174 
6610	64 
6611	159 
6612	115 
6613	278 
6614	229 
6615	22 
6616	288 
6617	146 
6618	288 
6619	38 
6620	64 
6621	109 
6622	164 
6623	141 
6624	275 
6625	222 
6626	188 
6627	238 
6628	200 
6629	70 
6630	141 
6631	37 
6632	202 
6633	14 
6634	270 
6635	27 
6636	87 
6637	92 
6638	232 
6639	285 
6640	153 
6641	249 
6642	25 
6643	208 
6644	136 
6645	199 
6646	215 
6647	208 
6648	194 
6649	233 
6650	142 
6651	105 
6652	93 
6653	20 
6654	150 
6655	61 
6656	135 
6657	54 
6658	106 
6659	78 
6660	56 
6661	97 
6662	20 
6663	187 
6664	133 
6665	185 
6666	54 
6667	29 
6668	130 
6669	222 
6670	143 
6671	229 
6672	71 
6673	47 
6674	4 
6675	221 
6676	281 
6677	72 
6678	199 
6679	70 
6680	162 
6681	192 
6682	242 
6683	134 
6684	141 
6685	246 
6686	231 
6687	277 
6688	116 
6689	288 
6690	48 
6691	82 
6692	270 
6693	141 
6694	153 
6695	188 
6696	9 
6697	249 
6698	78 
6699	117 
6700	142 
6701	249 
6702	78 
6703	238 
6704	113 
6705	135 
6706	123 
6707	215 
6708	187 
6709	275 
6710	157 
6711	18 
6712	13 
6713	37 
6714	47 
6715	125 
6716	20 
6717	271 
6718	229 
6719	210 
6720	260 
6721	274 
6722	54 
6723	28 
6724	4 
6725	27 
6726	107 
6727	172 
6728	153 
6729	52 
6730	24 
6731	191 
6732	189 
6733	83 
6734	95 
6735	217 
6736	8 
6737	112 
6738	121 
6739	78 
6740	173 
6741	35 
6742	119 
6743	282 
6744	107 
6745	164 
6746	288 
6747	226 
6748	116 
6749	49 
6750	1 
6751	83 
6752	103 
6753	192 
6754	8 
6755	201 
6756	60 
6757	102 
6758	22 
6759	202 
6760	249 
6761	173 
6762	37 
6763	220 
6764	183 
6765	47 
6766	243 
6767	223 
6768	164 
6769	137 
6770	101 
6771	257 
6772	217 
6773	133 
6774	7 
6775	119 
6776	229 
6777	118 
6778	1 
6779	141 
6780	54 
6781	37 
6782	8 
6783	254 
6784	38 
6785	233 
6786	172 
6787	83 
6788	37 
6789	178 
6790	61 
6791	229 
6792	59 
6793	22 
6794	281 
6795	30 
6796	15 
6797	135 
6798	80 
6799	226 
6800	124 
6801	207 
6802	250 
6803	86 
6804	107 
6805	195 
6806	228 
6807	124 
6808	13 
6809	72 
6810	287 
6811	282 
6812	191 
6813	93 
6814	27 
6815	139 
6816	56 
6817	196 
6818	13 
6819	59 
6820	3 
6821	49 
6822	289 
6823	283 
6824	214 
6825	8 
6826	153 
6827	142 
6828	28 
6829	7 
6830	138 
6831	256 
6832	281 
6833	288 
6834	155 
6835	67 
6836	160 
6837	48 
6838	87 
6839	134 
6840	205 
6841	233 
6842	223 
6843	61 
6844	39 
6845	140 
6846	39 
6847	45 
6848	125 
6849	140 
6850	222 
6851	36 
6852	224 
6853	244 
6854	208 
6855	212 
6856	260 
6857	184 
6858	277 
6859	201 
6860	102 
6861	20 
6862	164 
6863	104 
6864	149 
6865	50 
6866	130 
6867	47 
6868	29 
6869	34 
6870	252 
6871	152 
6872	165 
6873	159 
6874	60 
6875	89 
6876	146 
6877	14 
6878	34 
6879	202 
6880	77 
6881	76 
6882	78 
6883	143 
6884	41 
6885	271 
6886	213 
6887	137 
6888	170 
6889	61 
6890	272 
6891	250 
6892	175 
6893	275 
6894	285 
6895	146 
6896	286 
6897	252 
6898	54 
6899	174 
6900	187 
6901	50 
6902	33 
6903	289 
6904	85 
6905	253 
6906	140 
6907	33 
6908	30 
6909	276 
6910	98 
6911	253 
6912	41 
6913	144 
6914	20 
6915	37 
6916	121 
6917	269 
6918	3 
6919	70 
6920	25 
6921	41 
6922	171 
6923	173 
6924	146 
6925	198 
6926	84 
6927	240 
6928	124 
6929	162 
6930	232 
6931	205 
6932	202 
6933	30 
6934	30 
6935	188 
6936	153 
6937	247 
6938	153 
6939	156 
6940	61 
6941	109 
6942	274 
6943	48 
6944	96 
6945	83 
6946	4 
6947	161 
6948	142 
6949	151 
6950	187 
6951	221 
6952	76 
6953	127 
6954	61 
6955	250 
6956	29 
6957	13 
6958	9 
6959	135 
6960	171 
6961	125 
6962	151 
6963	97 
6964	59 
6965	107 
6966	8 
6967	265 
6968	183 
6969	70 
6970	28 
6971	130 
6972	204 
6973	58 
6974	41 
6975	202 
6976	276 
6977	99 
6978	6 
6979	14 
6980	175 
6981	92 
6982	231 
6983	182 
6984	162 
6985	243 
6986	10 
6987	42 
6988	207 
6989	124 
6990	160 
6991	33 
6992	232 
6993	278 
6994	56 
6995	202 
6996	242 
6997	90 
6998	142 
6999	256 
7000	162 
7001	84 
7002	138 
7003	141 
7004	3 
7005	107 
7006	199 
7007	60 
7008	136 
7009	105 
7010	149 
7011	232 
7012	134 
7013	47 
7014	235 
7015	259 
7016	93 
7017	32 
7018	178 
7019	14 
7020	149 
7021	98 
7022	27 
7023	200 
7024	284 
7025	254 
7026	174 
7027	135 
7028	56 
7029	171 
7030	194 
7031	182 
7032	175 
7033	267 
7034	54 
7035	146 
7036	102 
7037	30 
7038	242 
7039	55 
7040	31 
7041	59 
7042	101 
7043	230 
7044	88 
7045	250 
7046	56 
7047	35 
7048	41 
7049	118 
7050	86 
7051	24 
7052	193 
7053	222 
7054	249 
7055	273 
7056	161 
7057	134 
7058	3 
7059	166 
7060	107 
7061	277 
7062	223 
7063	42 
7064	82 
7065	105 
7066	257 
7067	288 
7068	277 
7069	38 
7070	282 
7071	207 
7072	238 
7073	194 
7074	211 
7075	60 
7076	25 
7077	183 
7078	270 
7079	131 
7080	13 
7081	126 
7082	254 
7083	78 
7084	6 
7085	15 
7086	179 
7087	143 
7088	146 
7089	282 
7090	210 
7091	217 
7092	274 
7093	20 
7094	87 
7095	166 
7096	222 
7097	207 
7098	39 
7099	289 
7100	85 
7101	153 
7102	45 
7103	6 
7104	259 
7105	135 
7106	245 
7107	36 
7108	263 
7109	33 
7110	19 
7111	139 
7112	61 
7113	259 
7114	143 
7115	71 
7116	137 
7117	109 
7118	32 
7119	142 
7120	127 
7121	47 
7122	275 
7123	200 
7124	286 
7125	222 
7126	67 
7127	207 
7128	107 
7129	97 
7130	267 
7131	173 
7132	4 
7133	101 
7134	224 
7135	206 
7136	60 
7137	267 
7138	285 
7139	44 
7140	182 
7141	202 
7142	162 
7143	8 
7144	178 
7145	30 
7146	127 
7147	13 
7148	104 
7149	272 
7150	64 
7151	182 
7152	283 
7153	116 
7154	137 
7155	101 
7156	288 
7157	276 
7158	116 
7159	14 
7160	130 
7161	289 
7162	50 
7163	211 
7164	170 
7165	256 
7166	50 
7167	166 
7168	174 
7169	59 
7170	245 
7171	10 
7172	101 
7173	276 
7174	10 
7175	38 
7176	103 
7177	83 
7178	184 
7179	51 
7180	67 
7181	143 
7182	107 
7183	62 
7184	90 
7185	219 
7186	135 
7187	66 
7188	19 
7189	243 
7190	229 
7191	134 
7192	170 
7193	44 
7194	99 
7195	175 
7196	143 
7197	184 
7198	157 
7199	49 
7200	95 
7201	65 
7202	33 
7203	68 
7204	286 
7205	61 
7206	136 
7207	236 
7208	223 
7209	208 
7210	213 
7211	210 
7212	210 
7213	20 
7214	282 
7215	76 
7216	261 
7217	118 
7218	12 
7219	175 
7220	38 
7221	88 
7222	206 
7223	91 
7224	216 
7225	149 
7226	35 
7227	62 
7228	56 
7229	69 
7230	50 
7231	68 
7232	87 
7233	139 
7234	97 
7235	136 
7236	127 
7237	219 
7238	3 
7239	191 
7240	208 
7241	135 
7242	41 
7243	6 
7244	89 
7245	142 
7246	199 
7247	95 
7248	245 
7249	101 
7250	64 
7251	223 
7252	151 
7253	155 
7254	261 
7255	182 
7256	173 
7257	67 
7258	44 
7259	99 
7260	27 
7261	223 
7262	68 
7263	154 
7264	47 
7265	197 
7266	78 
7267	226 
7268	130 
7269	47 
7270	274 
7271	247 
7272	137 
7273	254 
7274	17 
7275	130 
7276	142 
7277	223 
7278	83 
7279	2 
7280	135 
7281	186 
7282	142 
7283	133 
7284	275 
7285	79 
7286	98 
7287	191 
7288	200 
7289	283 
7290	235 
7291	14 
7292	25 
7293	66 
7294	103 
7295	162 
7296	214 
7297	89 
7298	162 
7299	65 
7300	222 
7301	102 
7302	186 
7303	67 
7304	205 
7305	208 
7306	203 
7307	119 
7308	238 
7309	226 
7310	43 
7311	274 
7312	231 
7313	217 
7314	90 
7315	69 
7316	35 
7317	72 
7318	43 
7319	223 
7320	176 
7321	101 
7322	207 
7323	130 
7324	151 
7325	77 
7326	101 
7327	282 
7328	140 
7329	95 
7330	276 
7331	174 
7332	205 
7333	99 
7334	146 
7335	38 
7336	162 
7337	254 
7338	247 
7339	157 
7340	162 
7341	265 
7342	183 
7343	66 
7344	75 
7345	91 
7346	243 
7347	4 
7348	20 
7349	262 
7350	58 
7351	205 
7352	273 
7353	223 
7354	223 
7355	230 
7356	256 
7357	195 
7358	8 
7359	277 
7360	41 
7361	265 
7362	210 
7363	217 
7364	168 
7365	274 
7366	27 
7367	25 
7368	178 
7369	273 
7370	137 
7371	153 
7372	187 
7373	82 
7374	202 
7375	274 
7376	109 
7377	146 
7378	277 
7379	276 
7380	23 
7381	76 
7382	142 
7383	109 
7384	288 
7385	130 
7386	199 
7387	208 
7388	130 
7389	98 
7390	261 
7391	17 
7392	125 
7393	19 
7394	27 
7395	13 
7396	240 
7397	283 
7398	256 
7399	79 
7400	71 
7401	167 
7402	131 
7403	278 
7404	14 
7405	52 
7406	137 
7407	51 
7408	262 
7409	66 
7410	141 
7411	85 
7412	14 
7413	191 
7414	187 
7415	135 
7416	288 
7417	194 
7418	259 
7419	281 
7420	142 
7421	130 
7422	11 
7423	127 
7424	197 
7425	274 
7426	56 
7427	206 
7428	141 
7429	282 
7430	142 
7431	144 
7432	259 
7433	147 
7434	253 
7435	73 
7436	90 
7437	91 
7438	59 
7439	250 
7440	192 
7441	222 
7442	135 
7443	185 
7444	104 
7445	120 
7446	152 
7447	58 
7448	89 
7449	107 
7450	268 
7451	124 
7452	153 
7453	254 
7454	36 
7455	254 
7456	68 
7457	289 
7458	261 
7459	47 
7460	277 
7461	16 
7462	11 
7463	23 
7464	41 
7465	70 
7466	11 
7467	119 
7468	47 
7469	288 
7470	202 
7471	134 
7472	183 
7473	276 
7474	289 
7475	137 
7476	142 
7477	12 
7478	274 
7479	244 
7480	65 
7481	90 
7482	48 
7483	201 
7484	175 
7485	229 
7486	217 
7487	283 
7488	149 
7489	164 
7490	38 
7491	254 
7492	39 
7493	3 
7494	116 
7495	258 
7496	127 
7497	64 
7498	11 
7499	263 
7500	193 
7501	72 
7502	155 
7503	105 
7504	168 
7505	245 
7506	187 
7507	262 
7508	273 
7509	252 
7510	252 
7511	66 
7512	164 
7513	107 
7514	80 
7515	242 
7516	275 
7517	212 
7518	130 
7519	54 
7520	146 
7521	64 
7522	107 
7523	205 
7524	81 
7525	140 
7526	41 
7527	126 
7528	245 
7529	284 
7530	109 
7531	69 
7532	200 
7533	168 
7534	91 
7535	139 
7536	109 
7537	12 
7538	10 
7539	208 
7540	165 
7541	113 
7542	269 
7543	208 
7544	89 
7545	236 
7546	191 
7547	199 
7548	59 
7549	244 
7550	51 
7551	192 
7552	206 
7553	68 
7554	144 
7555	139 
7556	193 
7557	137 
7558	154 
7559	72 
7560	231 
7561	271 
7562	155 
7563	250 
7564	126 
7565	47 
7566	202 
7567	125 
7568	83 
7569	8 
7570	172 
7571	254 
7572	258 
7573	86 
7574	212 
7575	14 
7576	105 
7577	147 
7578	165 
7579	256 
7580	187 
7581	238 
7582	151 
7583	149 
7584	65 
7585	141 
7586	37 
7587	8 
7588	33 
7589	87 
7590	222 
7591	112 
7592	250 
7593	229 
7594	282 
7595	195 
7596	230 
7597	174 
7598	254 
7599	98 
7600	102 
7601	211 
7602	75 
7603	240 
7604	185 
7605	171 
7606	183 
7607	193 
7608	232 
7609	20 
7610	189 
7611	229 
7612	230 
7613	4 
7614	27 
7615	30 
7616	282 
7617	99 
7618	267 
7619	217 
7620	201 
7621	82 
7622	191 
7623	269 
7624	222 
7625	192 
7626	174 
7627	249 
7628	274 
7629	278 
7630	250 
7631	73 
7632	149 
7633	135 
7634	275 
7635	116 
7636	44 
7637	56 
7638	243 
7639	101 
7640	243 
7641	25 
7642	229 
7643	218 
7644	4 
7645	126 
7646	68 
7647	13 
7648	38 
7649	34 
7650	99 
7651	68 
7652	208 
7653	47 
7654	50 
7655	133 
7656	142 
7657	191 
7658	99 
7659	6 
7660	127 
7661	60 
7662	168 
7663	81 
7664	184 
7665	8 
7666	141 
7667	140 
7668	282 
7669	164 
7670	54 
7671	182 
7672	85 
7673	154 
7674	48 
7675	3 
7676	208 
7677	39 
7678	61 
7679	25 
7680	282 
7681	217 
7682	76 
7683	199 
7684	38 
7685	112 
7686	47 
7687	275 
7688	162 
7689	282 
7690	210 
7691	142 
7692	206 
7693	245 
7694	142 
7695	30 
7696	263 
7697	191 
7698	164 
7699	285 
7700	135 
7701	6 
7702	216 
7703	13 
7704	195 
7705	37 
7706	30 
7707	286 
7708	249 
7709	33 
7710	141 
7711	245 
7712	137 
7713	277 
7714	194 
7715	6 
7716	20 
7717	187 
7718	43 
7719	16 
7720	157 
7721	10 
7722	147 
7723	200 
7724	44 
7725	72 
7726	143 
7727	76 
7728	219 
7729	67 
7730	224 
7731	197 
7732	210 
7733	61 
7734	256 
7735	208 
7736	126 
7737	134 
7738	95 
7739	224 
7740	134 
7741	93 
7742	194 
7743	174 
7744	202 
7745	245 
7746	133 
7747	124 
7748	143 
7749	247 
7750	275 
7751	31 
7752	11 
7753	233 
7754	216 
7755	197 
7756	250 
7757	259 
7758	223 
7759	109 
7760	159 
7761	275 
7762	202 
7763	194 
7764	159 
7765	99 
7766	245 
7767	219 
7768	164 
7769	89 
7770	210 
7771	178 
7772	44 
7773	168 
7774	99 
7775	130 
7776	210 
7777	124 
7778	164 
7779	31 
7780	41 
7781	21 
7782	217 
7783	208 
7784	205 
7785	105 
7786	8 
7787	223 
7788	109 
7789	278 
7790	43 
7791	142 
7792	61 
7793	210 
7794	275 
7795	194 
7796	191 
7797	151 
7798	47 
7799	107 
7800	38 
7801	247 
7802	202 
7803	221 
7804	196 
7805	171 
7806	51 
7807	208 
7808	14 
7809	67 
7810	179 
7811	168 
7812	276 
7813	252 
7814	168 
7815	187 
7816	285 
7817	138 
7818	101 
7819	134 
7820	249 
7821	229 
7822	175 
7823	30 
7824	288 
7825	270 
7826	107 
7827	5 
7828	178 
7829	184 
7830	78 
7831	4 
7832	187 
7833	240 
7834	282 
7835	210 
7836	171 
7837	286 
7838	85 
7839	258 
7840	61 
7841	273 
7842	240 
7843	275 
7844	191 
7845	250 
7846	253 
7847	199 
7848	43 
7849	44 
7850	34 
7851	93 
7852	277 
7853	39 
7854	65 
7855	44 
7856	12 
7857	204 
7858	20 
7859	124 
7860	282 
7861	223 
7862	175 
7863	167 
7864	191 
7865	204 
7866	229 
7867	130 
7868	217 
7869	91 
7870	197 
7871	202 
7872	61 
7873	221 
7874	47 
7875	157 
7876	19 
7877	9 
7878	107 
7879	27 
7880	72 
7881	157 
7882	13 
7883	56 
7884	62 
7885	184 
7886	178 
7887	137 
7888	222 
7889	222 
7890	164 
7891	201 
7892	191 
7893	54 
7894	41 
7895	210 
7896	64 
7897	147 
7898	8 
7899	38 
7900	56 
7901	175 
7902	61 
7903	226 
7904	60 
7905	146 
7906	87 
7907	93 
7908	218 
7909	83 
7910	192 
7911	25 
7912	259 
7913	64 
7914	104 
7915	141 
7916	87 
7917	262 
7918	174 
7919	5 
7920	249 
7921	30 
7922	199 
7923	104 
7924	104 
7925	193 
7926	141 
7927	5 
7928	99 
7929	11 
7930	260 
7931	261 
7932	142 
7933	271 
7934	98 
7935	91 
7936	184 
7937	219 
7938	249 
7939	142 
7940	162 
7941	98 
7942	155 
7943	277 
7944	61 
7945	206 
7946	236 
7947	187 
7948	4 
7949	162 
7950	4 
7951	272 
7952	98 
7953	192 
7954	141 
7955	72 
7956	124 
7957	141 
7958	186 
7959	192 
7960	250 
7961	229 
7962	67 
7963	101 
7964	142 
7965	173 
7966	14 
7967	135 
7968	258 
7969	4 
7970	8 
7971	50 
7972	178 
7973	41 
7974	175 
7975	61 
7976	175 
7977	210 
7978	276 
7979	288 
7980	61 
7981	236 
7982	42 
7983	101 
7984	127 
7985	67 
7986	69 
7987	205 
7988	164 
7989	159 
7990	229 
7991	126 
7992	289 
7993	183 
7994	42 
7995	207 
7996	260 
7997	99 
7998	252 
7999	137 
8000	144 
8001	167 
8002	210 
8003	245 
8004	127 
8005	31 
8006	250 
8007	157 
8008	1 
8009	191 
8010	282 
8011	147 
8012	54 
8013	118 
8014	171 
8015	98 
8016	286 
8017	116 
8018	8 
8019	184 
8020	166 
8021	60 
8022	81 
8023	47 
8024	42 
8025	76 
8026	281 
8027	64 
8028	22 
8029	277 
8030	182 
8031	70 
8032	243 
8033	146 
8034	24 
8035	98 
8036	238 
8037	142 
8038	273 
8039	87 
8040	178 
8041	86 
8042	143 
8043	14 
8044	56 
8045	192 
8046	130 
8047	288 
8048	136 
8049	8 
8050	8 
8051	223 
8052	285 
8053	174 
8054	101 
8055	211 
8056	116 
8057	89 
8058	271 
8059	284 
8060	35 
8061	113 
8062	28 
8063	226 
8064	20 
8065	207 
8066	44 
8067	244 
8068	228 
8069	178 
8070	275 
8071	159 
8072	95 
8073	89 
8074	250 
8075	38 
8076	28 
8077	178 
8078	7 
8079	206 
8080	236 
8081	250 
8082	186 
8083	84 
8084	247 
8085	126 
8086	66 
8087	288 
8088	134 
8089	252 
8090	199 
8091	174 
8092	194 
8093	135 
8094	173 
8095	141 
8096	172 
8097	54 
8098	11 
8099	143 
8100	22 
8101	192 
8102	124 
8103	173 
8104	162 
8105	191 
8106	31 
8107	13 
8108	98 
8109	224 
8110	260 
8111	8 
8112	84 
8113	54 
8114	282 
8115	200 
8116	211 
8117	275 
8118	33 
8119	83 
8120	59 
8121	267 
8122	101 
8123	104 
8124	140 
8125	88 
8126	116 
8127	27 
8128	159 
8129	99 
8130	265 
8131	101 
8132	76 
8133	86 
8134	8 
8135	202 
8136	144 
8137	58 
8138	21 
8139	12 
8140	249 
8141	188 
8142	107 
8143	164 
8144	24 
8145	67 
8146	107 
8147	141 
8148	275 
8149	59 
8150	284 
8151	168 
8152	62 
8153	11 
8154	259 
8155	130 
8156	83 
8157	244 
8158	92 
8159	137 
8160	137 
8161	282 
8162	11 
8163	215 
8164	223 
8165	274 
8166	178 
8167	245 
8168	164 
8169	64 
8170	288 
8171	141 
8172	47 
8173	178 
8174	101 
8175	286 
8176	83 
8177	256 
8178	24 
8179	137 
8180	126 
8181	236 
8182	112 
8183	141 
8184	202 
8185	291 
8186	144 
8187	134 
8188	164 
8189	173 
8190	208 
8191	202 
8192	120 
8193	195 
8194	233 
8195	254 
8196	61 
8197	124 
8198	45 
8199	178 
8200	201 
8201	174 
8202	254 
8203	130 
8204	38 
8205	102 
8206	141 
8207	178 
8208	13 
8209	284 
8210	10 
8211	256 
8212	267 
8213	29 
8214	253 
8215	233 
8216	226 
8217	167 
8218	192 
8219	206 
8220	147 
8221	172 
8222	26 
8223	226 
8224	172 
8225	175 
8226	39 
8227	81 
8228	48 
8229	258 
8230	37 
8231	263 
8232	155 
8233	47 
8234	8 
8235	72 
8236	25 
8237	8 
8238	97 
8239	245 
8240	286 
8241	215 
8242	38 
8243	240 
8244	8 
8245	101 
8246	78 
8247	259 
8248	192 
8249	178 
8250	52 
8251	243 
8252	116 
8253	291 
8254	12 
8255	27 
8256	281 
8257	195 
8258	21 
8259	47 
8260	187 
8261	262 
8262	54 
8263	86 
8264	175 
8265	221 
8266	56 
8267	52 
8268	142 
8269	118 
8270	83 
8271	229 
8272	265 
8273	54 
8274	162 
8275	258 
8276	135 
8277	262 
8278	30 
8279	288 
8280	95 
8281	183 
8282	149 
8283	159 
8284	3 
8285	211 
8286	275 
8287	258 
8288	288 
8289	107 
8290	276 
8291	271 
8292	14 
8293	12 
8294	41 
8295	143 
8296	78 
8297	97 
8298	238 
8299	58 
8300	151 
8301	174 
8302	29 
8303	140 
8304	174 
8305	6 
8306	192 
8307	188 
8308	162 
8309	162 
8310	154 
8311	101 
8312	161 
8313	44 
8314	159 
8315	178 
8316	207 
8317	276 
8318	124 
8319	229 
8320	188 
8321	56 
8322	41 
8323	134 
8324	26 
8325	8 
8326	191 
8327	71 
8328	58 
8329	80 
8330	167 
8331	178 
8332	174 
8333	173 
8334	137 
8335	141 
8336	41 
8337	147 
8338	116 
8339	157 
8340	240 
8341	263 
8342	48 
8343	107 
8344	83 
8345	130 
8346	1 
8347	192 
8348	130 
8349	155 
8350	120 
8351	254 
8352	288 
8353	86 
8354	144 
8355	232 
8356	157 
8357	211 
8358	39 
8359	233 
8360	165 
8361	142 
8362	191 
8363	202 
8364	277 
8365	173 
8366	157 
8367	238 
8368	254 
8369	78 
8370	59 
8371	222 
8372	238 
8373	29 
8374	229 
8375	14 
8376	41 
8377	32 
8378	147 
8379	33 
8380	273 
8381	178 
8382	233 
8383	261 
8384	59 
8385	118 
8386	151 
8387	285 
8388	39 
8389	88 
8390	173 
8391	249 
8392	236 
8393	93 
8394	206 
8395	125 
8396	47 
8397	1 
8398	5 
8399	243 
8400	105 
8401	83 
8402	52 
8403	20 
8404	168 
8405	191 
8406	142 
8407	231 
8408	175 
8409	258 
8410	288 
8411	58 
8412	130 
8413	232 
8414	107 
8415	282 
8416	286 
8417	212 
8418	207 
8419	159 
8420	208 
8421	164 
8422	282 
8423	4 
8424	240 
8425	93 
8426	20 
8427	250 
8428	259 
8429	113 
8430	182 
8431	68 
8432	201 
8433	101 
8434	83 
8435	71 
8436	267 
8437	193 
8438	144 
8439	120 
8440	192 
8441	120 
8442	101 
8443	93 
8444	1 
8445	238 
8446	29 
8447	210 
8448	13 
8449	38 
8450	134 
8451	8 
8452	275 
8453	105 
8454	245 
8455	199 
8456	226 
8457	289 
8458	109 
8459	30 
8460	165 
8461	249 
8462	267 
8463	226 
8464	262 
8465	171 
8466	173 
8467	178 
8468	167 
8469	140 
8470	107 
8471	249 
8472	80 
8473	29 
8474	107 
8475	61 
8476	126 
8477	64 
8478	137 
8479	66 
8480	162 
8481	178 
8482	289 
8483	275 
8484	126 
8485	104 
8486	173 
8487	38 
8488	124 
8489	109 
8490	8 
8491	90 
8492	138 
8493	137 
8494	262 
8495	178 
8496	245 
8497	59 
8498	233 
8499	263 
8500	143 
8501	166 
8502	83 
8503	133 
8504	93 
8505	274 
8506	187 
8507	77 
8508	101 
8509	118 
8510	91 
8511	116 
8512	276 
8513	281 
8514	109 
8515	4 
8516	276 
8517	105 
8518	13 
8519	64 
8520	78 
8521	33 
8522	178 
8523	288 
8524	154 
8525	20 
8526	93 
8527	288 
8528	256 
8529	27 
8530	288 
8531	83 
8532	278 
8533	8 
8534	28 
8535	246 
8536	146 
8537	44 
8538	246 
8539	215 
8540	83 
8541	229 
8542	97 
8543	155 
8544	174 
8545	90 
8546	174 
8547	41 
8548	137 
8549	283 
8550	101 
8551	104 
8552	258 
8553	206 
8554	273 
8555	101 
8556	113 
8557	258 
8558	288 
8559	14 
8560	250 
8561	133 
8562	164 
8563	253 
8564	164 
8565	61 
8566	51 
8567	58 
8568	31 
8569	47 
8570	154 
8571	178 
8572	26 
8573	118 
8574	141 
8575	286 
8576	16 
8577	107 
8578	171 
8579	8 
8580	286 
8581	153 
8582	211 
8583	178 
8584	229 
8585	97 
8586	285 
8587	286 
8588	113 
8589	38 
8590	142 
8591	216 
8592	253 
8593	250 
8594	101 
8595	188 
8596	47 
8597	140 
8598	44 
8599	98 
8600	258 
8601	61 
8602	288 
8603	187 
8604	135 
8605	164 
8606	130 
8607	71 
8608	14 
8609	238 
8610	151 
8611	233 
8612	61 
8613	271 
8614	98 
8615	232 
8616	210 
8617	226 
8618	278 
8619	175 
8620	219 
8621	189 
8622	171 
8623	33 
8624	192 
8625	27 
8626	157 
8627	263 
8628	54 
8629	192 
8630	245 
8631	54 
8632	144 
8633	250 
8634	232 
8635	250 
8636	286 
8637	288 
8638	105 
8639	97 
8640	134 
8641	194 
8642	206 
8643	250 
8644	56 
8645	233 
8646	97 
8647	13 
8648	61 
8649	166 
8650	64 
8651	109 
8652	130 
8653	167 
8654	120 
8655	203 
8656	191 
8657	253 
8658	162 
8659	25 
8660	13 
8661	64 
8662	83 
8663	4 
8664	246 
8665	174 
8666	54 
8667	93 
8668	116 
8669	3 
8670	146 
8671	159 
8672	259 
8673	240 
8674	245 
8675	174 
8676	258 
8677	22 
8678	44 
8679	28 
8680	174 
8681	250 
8682	144 
8683	25 
8684	206 
8685	16 
8686	250 
8687	229 
8688	36 
8689	140 
8690	217 
8691	229 
8692	48 
8693	140 
8694	189 
8695	120 
8696	78 
8697	34 
8698	262 
8699	134 
8700	189 
8701	192 
8702	164 
8703	291 
8704	136 
8705	64 
8706	8 
8707	78 
8708	229 
8709	243 
8710	22 
8711	101 
8712	231 
8713	245 
8714	61 
8715	92 
8716	254 
8717	217 
8718	249 
8719	222 
8720	11 
8721	118 
8722	33 
8723	230 
8724	101 
8725	151 
8726	78 
8727	259 
8728	259 
8729	167 
8730	6 
8731	243 
8732	120 
8733	98 
8734	288 
8735	83 
8736	12 
8737	165 
8738	78 
8739	199 
8740	52 
8741	142 
8742	3 
8743	217 
8744	171 
8745	107 
8746	102 
8747	31 
8748	249 
8749	20 
8750	41 
8751	274 
8752	14 
8753	134 
8754	99 
8755	168 
8756	281 
8757	39 
8758	199 
8759	245 
8760	164 
8761	29 
8762	172 
8763	155 
8764	285 
8765	261 
8766	43 
8767	25 
8768	289 
8769	93 
8770	182 
8771	13 
8772	192 
8773	30 
8774	191 
8775	194 
8776	28 
8777	130 
8778	219 
8779	282 
8780	165 
8781	109 
8782	4 
8783	168 
8784	33 
8785	289 
8786	194 
8787	3 
8788	95 
8789	22 
8790	242 
8791	29 
8792	191 
8793	243 
8794	68 
8795	147 
8796	140 
8797	217 
8798	85 
8799	208 
8800	278 
8801	289 
8802	254 
8803	72 
8804	3 
8805	130 
8806	29 
8807	263 
8808	8 
8809	267 
8810	120 
8811	130 
8812	208 
8813	98 
8814	127 
8815	51 
8816	38 
8817	127 
8818	78 
8819	194 
8820	168 
8821	25 
8822	68 
8823	52 
8824	140 
8825	260 
8826	273 
8827	56 
8828	68 
8829	285 
8830	199 
8831	286 
8832	71 
8833	178 
8834	113 
8835	229 
8836	59 
8837	273 
8838	12 
8839	1 
8840	140 
8841	31 
8842	19 
8843	98 
8844	256 
8845	62 
8846	276 
8847	83 
8848	36 
8849	61 
8850	4 
8851	184 
8852	33 
8853	60 
8854	60 
8855	60 
8856	91 
8857	38 
8858	33 
8859	93 
8860	61 
8861	137 
8862	6 
8863	125 
8864	91 
8865	240 
8866	64 
8867	197 
8868	217 
8869	101 
8870	27 
8871	28 
8872	19 
8873	20 
8874	38 
8875	27 
8876	289 
8877	216 
8878	3 
8879	130 
8880	42 
8881	104 
8882	102 
8883	99 
8884	207 
8885	147 
8886	67 
8887	105 
8888	254 
8889	192 
8890	95 
8891	193 
8892	76 
8893	171 
8894	70 
8895	54 
8896	178 
8897	33 
8898	19 
8899	282 
8900	30 
8901	83 
8902	288 
8903	42 
8904	246 
8905	29 
8906	243 
8907	97 
8908	141 
8909	194 
8910	97 
8911	168 
8912	109 
8913	191 
8914	187 
8915	33 
8916	146 
8917	65 
8918	166 
8919	143 
8920	140 
8921	142 
8922	143 
8923	27 
8924	1 
8925	278 
8926	242 
8927	87 
8928	193 
8929	64 
8930	199 
8931	210 
8932	146 
8933	211 
8934	137 
8935	141 
8936	291 
8937	71 
8938	250 
8939	210 
8940	37 
8941	21 
8942	288 
8943	146 
8944	64 
8945	229 
8946	93 
8947	191 
8948	116 
8949	44 
8950	65 
8951	3 
8952	194 
8953	202 
8954	102 
8955	233 
8956	133 
8957	217 
8958	219 
8959	178 
8960	143 
8961	273 
8962	14 
8963	240 
8964	84 
8965	147 
8966	171 
8967	175 
8968	171 
8969	277 
8970	101 
8971	285 
8972	151 
8973	140 
8974	71 
8975	99 
8976	229 
8977	278 
8978	288 
8979	68 
8980	250 
8981	207 
8982	222 
8983	275 
8984	86 
8985	66 
8986	262 
8987	13 
8988	288 
8989	37 
8990	208 
8991	21 
8992	4 
8993	61 
8994	162 
8995	141 
8996	87 
8997	141 
8998	259 
8999	60 
9000	4 
9001	8 
9002	277 
9003	288 
9004	245 
9005	38 
9006	19 
9007	101 
9008	48 
9009	208 
9010	277 
9011	41 
9012	259 
9013	172 
9014	250 
9015	97 
9016	238 
9017	14 
9018	90 
9019	51 
9020	188 
9021	71 
9022	33 
9023	8 
9024	271 
9025	13 
9026	164 
9027	147 
9028	210 
9029	191 
9030	47 
9031	208 
9032	87 
9033	130 
9034	29 
9035	205 
9036	162 
9037	98 
9038	124 
9039	98 
9040	282 
9041	124 
9042	281 
9043	37 
9044	99 
9045	191 
9046	52 
9047	87 
9048	120 
9049	183 
9050	72 
9051	25 
9052	97 
9053	191 
9054	259 
9055	252 
9056	207 
9057	162 
9058	210 
9059	206 
9060	250 
9061	107 
9062	67 
9063	210 
9064	58 
9065	267 
9066	187 
9067	88 
9068	38 
9069	222 
9070	173 
9071	250 
9072	197 
9073	217 
9074	58 
9075	84 
9076	197 
9077	288 
9078	164 
9079	41 
9080	222 
9081	135 
9082	137 
9083	262 
9084	247 
9085	253 
9086	135 
9087	171 
9088	84 
9089	86 
9090	22 
9091	41 
9092	238 
9093	206 
9094	164 
9095	191 
9096	28 
9097	37 
9098	38 
9099	254 
9100	288 
9101	89 
9102	104 
9103	33 
9104	14 
9105	59 
9106	276 
9107	29 
9108	101 
9109	113 
9110	174 
9111	155 
9112	222 
9113	127 
9114	146 
9115	20 
9116	25 
9117	229 
9118	288 
9119	47 
9120	151 
9121	289 
9122	52 
9123	207 
9124	14 
9125	254 
9126	8 
9127	187 
9128	3 
9129	260 
9130	101 
9131	262 
9132	267 
9133	277 
9134	89 
9135	1 
9136	162 
9137	207 
9138	38 
9139	191 
9140	162 
9141	3 
9142	93 
9143	253 
9144	286 
9145	151 
9146	174 
9147	137 
9148	210 
9149	64 
9150	20 
9151	3 
9152	258 
9153	47 
9154	260 
9155	54 
9156	197 
9157	84 
9158	277 
9159	263 
9160	51 
9161	126 
9162	37 
9163	199 
9164	99 
9165	83 
9166	47 
9167	210 
9168	245 
9169	97 
9170	56 
9171	243 
9172	263 
9173	210 
9174	68 
9175	88 
9176	140 
9177	141 
9178	162 
9179	101 
9180	222 
9181	256 
9182	254 
9183	30 
9184	1 
9185	168 
9186	86 
9187	149 
9188	59 
9189	168 
9190	20 
9191	62 
9192	70 
9193	164 
9194	101 
9195	277 
9196	154 
9197	206 
9198	249 
9199	38 
9200	168 
9201	13 
9202	61 
9203	67 
9204	105 
9205	58 
9206	250 
9207	61 
9208	124 
9209	87 
9210	191 
9211	210 
9212	253 
9213	283 
9214	95 
9215	118 
9216	187 
9217	70 
9218	104 
9219	159 
9220	277 
9221	282 
9222	240 
9223	191 
9224	206 
9225	143 
9226	54 
9227	222 
9228	247 
9229	98 
9230	101 
9231	6 
9232	141 
9233	252 
9234	101 
9235	253 
9236	238 
9237	164 
9238	240 
9239	238 
9240	249 
9241	61 
9242	134 
9243	249 
9244	140 
9245	210 
9246	277 
9247	14 
9248	118 
9249	101 
9250	222 
9251	277 
9252	60 
9253	260 
9254	60 
9255	61 
9256	1 
9257	201 
9258	13 
9259	245 
9260	208 
9261	154 
9262	6 
9263	27 
9264	105 
9265	127 
9266	70 
9267	289 
9268	71 
9269	282 
9270	285 
9271	84 
9272	174 
9273	56 
9274	175 
9275	277 
9276	120 
9277	135 
9278	126 
9279	84 
9280	162 
9281	101 
9282	164 
9283	183 
9284	262 
9285	254 
9286	6 
9287	56 
9288	222 
9289	61 
9290	67 
9291	83 
9292	183 
9293	143 
9294	34 
9295	229 
9296	252 
9297	124 
9298	38 
9299	102 
9300	208 
9301	30 
9302	92 
9303	260 
9304	48 
9305	44 
9306	178 
9307	78 
9308	107 
9309	194 
9310	14 
9311	47 
9312	98 
9313	233 
9314	68 
9315	162 
9316	229 
9317	130 
9318	252 
9319	168 
9320	199 
9321	274 
9322	101 
9323	27 
9324	47 
9325	219 
9326	142 
9327	229 
9328	56 
9329	38 
9330	140 
9331	44 
9332	27 
9333	86 
9334	245 
9335	253 
9336	61 
9337	229 
9338	250 
9339	164 
9340	59 
9341	20 
9342	1 
9343	87 
9344	60 
9345	98 
9346	276 
9347	202 
9348	231 
9349	250 
9350	288 
9351	243 
9352	207 
9353	151 
9354	210 
9355	207 
9356	143 
9357	260 
9358	98 
9359	276 
9360	173 
9361	201 
9362	291 
9363	14 
9364	276 
9365	229 
9366	61 
9367	195 
9368	226 
9369	191 
9370	109 
9371	44 
9372	208 
9373	134 
9374	249 
9375	174 
9376	38 
9377	140 
9378	191 
9379	254 
9380	289 
9381	192 
9382	192 
9383	29 
9384	38 
9385	210 
9386	141 
9387	223 
9388	210 
9389	62 
9390	86 
9391	146 
9392	191 
9393	1 
9394	291 
9395	253 
9396	107 
9397	54 
9398	217 
9399	250 
9400	289 
9401	104 
9402	60 
9403	275 
9404	253 
9405	274 
9406	105 
9407	146 
9408	20 
9409	282 
9410	89 
9411	201 
9412	250 
9413	191 
9414	153 
9415	68 
9416	59 
9417	61 
9418	174 
9419	222 
9420	101 
9421	64 
9422	202 
9423	98 
9424	61 
9425	277 
9426	275 
9427	70 
9428	98 
9429	144 
9430	275 
9431	109 
9432	105 
9433	208 
9434	47 
9435	58 
9436	171 
9437	168 
9438	52 
9439	101 
9440	151 
9441	291 
9442	171 
9443	30 
9444	105 
9445	267 
9446	87 
9447	192 
9448	274 
9449	137 
9450	33 
9451	56 
9452	137 
9453	141 
9454	282 
9455	118 
9456	262 
9457	72 
9458	120 
9459	127 
9460	38 
9461	37 
9462	274 
9463	6 
9464	206 
9465	162 
9466	199 
9467	30 
9468	109 
9469	99 
9470	206 
9471	105 
9472	253 
9473	206 
9474	171 
9475	260 
9476	97 
9477	78 
9478	8 
9479	1 
9480	202 
9481	130 
9482	249 
9483	14 
9484	89 
9485	183 
9486	282 
9487	90 
9488	116 
9489	25 
9490	171 
9491	56 
9492	168 
9493	276 
9494	109 
9495	149 
9496	93 
9497	107 
9498	191 
9499	61 
9500	277 
9501	116 
9502	274 
9503	92 
9504	120 
9505	278 
9506	116 
9507	137 
9508	107 
9509	92 
9510	71 
9511	3 
9512	107 
9513	171 
9514	48 
9515	202 
9516	206 
9517	8 
9518	101 
9519	127 
9520	20 
9521	164 
9522	44 
9523	141 
9524	254 
9525	58 
9526	99 
9527	86 
9528	254 
9529	135 
9530	205 
9531	162 
9532	137 
9533	219 
9534	137 
9535	276 
9536	27 
9537	206 
9538	1 
9539	59 
9540	90 
9541	38 
9542	38 
9543	173 
9544	20 
9545	116 
9546	104 
9547	171 
9548	98 
9549	83 
9550	54 
9551	252 
9552	164 
9553	171 
9554	130 
9555	27 
9556	56 
9557	202 
9558	33 
9559	260 
9560	101 
9561	219 
9562	250 
9563	191 
9564	116 
9565	14 
9566	164 
9567	89 
9568	245 
9569	59 
9570	134 
9571	252 
9572	98 
9573	104 
9574	277 
9575	130 
9576	252 
9577	260 
9578	229 
9579	282 
9580	130 
9581	62 
9582	92 
9583	97 
9584	282 
9585	118 
9586	56 
9587	250 
9588	134 
9589	60 
9590	92 
9591	25 
9592	153 
9593	72 
9594	162 
9595	47 
9596	162 
9597	137 
9598	105 
9599	41 
9600	142 
9601	229 
9602	14 
9603	4 
9604	6 
9605	20 
9606	83 
9607	178 
9608	25 
9609	282 
9610	243 
9611	143 
9612	4 
9613	126 
9614	130 
9615	142 
9616	104 
9617	61 
9618	66 
9619	194 
9620	281 
9621	192 
9622	250 
9623	33 
9624	217 
9625	72 
9626	162 
9627	30 
9628	217 
9629	142 
9630	229 
9631	250 
9632	89 
9633	135 
9634	8 
9635	141 
9636	245 
9637	13 
9638	38 
9639	98 
9640	249 
9641	206 
9642	250 
9643	188 
9644	187 
9645	54 
9646	282 
9647	141 
9648	142 
9649	47 
9650	146 
9651	109 
9652	134 
9653	194 
9654	275 
9655	275 
9656	243 
9657	137 
9658	151 
9659	277 
9660	56 
9661	250 
9662	33 
9663	276 
9664	192 
9665	134 
9666	88 
9667	178 
9668	285 
9669	291 
9670	72 
9671	86 
9672	68 
9673	199 
9674	89 
9675	27 
9676	27 
9677	99 
9678	277 
9679	64 
9680	210 
9681	222 
9682	289 
9683	72 
9684	41 
9685	47 
9686	3 
9687	98 
9688	41 
9689	134 
9690	60 
9691	282 
9692	93 
9693	101 
9694	98 
9695	274 
9696	101 
9697	174 
9698	6 
9699	127 
9700	47 
9701	194 
9702	68 
9703	6 
9704	250 
9705	217 
9706	267 
9707	127 
9708	173 
9709	151 
9710	207 
9711	8 
9712	291 
9713	86 
9714	38 
9715	250 
9716	210 
9717	288 
9718	243 
9719	134 
9720	254 
9721	107 
9722	27 
9723	71 
9724	274 
9725	3 
9726	124 
9727	187 
9728	61 
9729	66 
9730	78 
9731	143 
9732	116 
9733	171 
9734	38 
9735	143 
9736	59 
9737	41 
9738	188 
9739	164 
9740	222 
9741	101 
9742	98 
9743	83 
9744	71 
9745	243 
9746	41 
9747	8 
9748	250 
9749	14 
9750	142 
9751	104 
9752	277 
9753	191 
9754	13 
9755	104 
9756	142 
9757	124 
9758	130 
9759	41 
9760	93 
9761	141 
9762	207 
9763	222 
9764	199 
9765	178 
9766	27 
9767	142 
9768	20 
9769	38 
9770	288 
9771	30 
9772	187 
9773	262 
9774	54 
9775	60 
9776	210 
9777	207 
9778	253 
9779	277 
9780	13 
9781	171 
9782	38 
9783	187 
9784	83 
9785	229 
9786	37 
9787	130 
9788	38 
9789	206 
9790	47 
9791	275 
9792	199 
9793	107 
9794	243 
9795	54 
9796	83 
9797	38 
9798	99 
9799	229 
9800	38 
9801	4 
9802	116 
9803	151 
9804	171 
9805	33 
9806	253 
9807	60 
9808	78 
9809	25 
9810	207 
9811	274 
9812	130 
9813	20 
9814	99 
9815	164 
9816	222 
9817	120 
9818	68 
9819	25 
9820	101 
9821	118 
9822	141 
9823	229 
9824	68 
9825	208 
9826	253 
9827	3 
9828	118 
9829	143 
9830	202 
9831	98 
9832	47 
9833	101 
9834	135 
9835	97 
9836	120 
9837	142 
9838	59 
9839	151 
9840	194 
9841	27 
9842	101 
9843	124 
9844	194 
9845	262 
9846	171 
9847	262 
9848	27 
9849	243 
9850	101 
9851	282 
9852	250 
9853	101 
9854	208 
9855	98 
9856	78 
9857	250 
9858	144 
9859	282 
9860	202 
9861	54 
9862	142 
9863	140 
9864	109 
9865	151 
9866	282 
9867	288 
9868	245 
9869	38 
9870	178 
9871	140 
9872	8 
9873	229 
9874	3 
9875	229 
9876	38 
9877	124 
9878	130 
9879	4 
9880	116 
9881	98 
9882	191 
9883	178 
9884	135 
9885	66 
9886	233 
9887	146 
9888	134 
9889	98 
9890	282 
9891	217 
9892	109 
9893	229 
9894	146 
9895	140 
9896	124 
9897	162 
9898	229 
9899	97 
9900	277 
9901	72 
9902	141 
9903	143 
9904	8 
9905	44 
9906	276 
9907	67 
9908	120 
9909	174 
9910	142 
9911	61 
9912	288 
9913	168 
9914	118 
9915	151 
9916	38 
9917	175 
9918	210 
9919	38 
9920	174 
9921	191 
9922	60 
9923	47 
9924	222 
9925	199 
9926	174 
9927	6 
9928	130 
9929	289 
9930	249 
9931	83 
9932	191 
9933	217 
9934	282 
9935	254 
9936	276 
9937	14 
9938	164 
9939	67 
9940	151 
9941	135 
9942	178 
9943	118 
9944	137 
9945	275 
9946	192 
9947	3 
9948	8 
9949	194 
9950	3 
9951	37 
9952	208 
9953	210 
9954	141 
9955	288 
9956	66 
9957	274 
9958	14 
9959	41 
9960	47 
9961	33 
9962	6 
9963	30 
9964	142 
9965	59 
9966	109 
9967	41 
9968	168 
9969	229 
9970	210 
9971	141 
9972	143 
9973	27 
9974	41 
9975	13 
9976	137 
9977	288 
9978	208 
9979	59 
9980	64 
9981	164 
9982	162 
9983	109 
9984	44 
9985	178 
9986	78 
9987	162 
9988	124 
9989	229 
9990	192 
9991	109 
9992	289 
9993	142 
9994	37 
9995	66 
9996	59 
9997	199 
9998	99 
9999	101 
10000	83 
