1	88 
2	378 
3	88 
4	79 
5	182 
6	142 
7	206 
8	335 
9	146 
10	363 
11	85 
12	362 
13	347 
14	272 
15	363 
16	23 
17	337 
18	88 
19	253 
20	231 
21	340 
22	165 
23	279 
24	337 
25	312 
26	30 
27	211 
28	381 
29	9 
30	384 
31	328 
32	112 
33	3 
34	349 
35	283 
36	148 
37	58 
38	316 
39	9 
40	345 
41	195 
42	210 
43	134 
44	384 
45	256 
46	97 
47	188 
48	229 
49	106 
50	222 
51	79 
52	97 
53	208 
54	88 
55	134 
56	321 
57	9 
58	240 
59	140 
60	298 
61	258 
62	28 
63	302 
64	335 
65	32 
66	132 
67	114 
68	217 
69	138 
70	226 
71	252 
72	305 
73	50 
74	130 
75	232 
76	298 
77	231 
78	221 
79	50 
80	196 
81	13 
82	301 
83	145 
84	25 
85	21 
86	371 
87	239 
88	2 
89	112 
90	124 
91	349 
92	357 
93	203 
94	390 
95	341 
96	283 
97	23 
98	1 
99	167 
100	88 
101	107 
102	58 
103	38 
104	296 
105	258 
106	229 
107	101 
108	92 
109	198 
110	351 
111	1 
112	42 
113	338 
114	144 
115	115 
116	280 
117	100 
118	21 
119	165 
120	200 
121	392 
122	212 
123	191 
124	343 
125	322 
126	213 
127	210 
128	391 
129	289 
130	187 
131	17 
132	133 
133	276 
134	339 
135	335 
136	131 
137	263 
138	200 
139	3 
140	250 
141	210 
142	134 
143	88 
144	254 
145	355 
146	111 
147	53 
148	321 
149	301 
150	78 
151	168 
152	298 
153	65 
154	324 
155	263 
156	25 
157	286 
158	255 
159	263 
160	298 
161	22 
162	182 
163	253 
164	242 
165	275 
166	1 
167	21 
168	253 
169	155 
170	166 
171	249 
172	233 
173	33 
174	309 
175	102 
176	52 
177	221 
178	268 
179	134 
180	289 
181	313 
182	72 
183	335 
184	82 
185	245 
186	64 
187	281 
188	186 
189	214 
190	153 
191	240 
192	241 
193	31 
194	9 
195	311 
196	319 
197	1 
198	273 
199	5 
200	387 
201	283 
202	335 
203	52 
204	248 
205	384 
206	178 
207	100 
208	100 
209	123 
210	180 
211	263 
212	288 
213	79 
214	377 
215	70 
216	339 
217	152 
218	181 
219	227 
220	249 
221	277 
222	138 
223	242 
224	42 
225	52 
226	378 
227	88 
228	387 
229	245 
230	20 
231	247 
232	253 
233	193 
234	388 
235	208 
236	258 
237	80 
238	124 
239	47 
240	185 
241	184 
242	115 
243	311 
244	138 
245	345 
246	354 
247	361 
248	215 
249	14 
250	138 
251	32 
252	237 
253	349 
254	30 
255	254 
256	138 
257	345 
258	258 
259	52 
260	245 
261	32 
262	76 
263	305 
264	32 
265	64 
266	363 
267	1 
268	28 
269	140 
270	23 
271	204 
272	113 
273	45 
274	61 
275	306 
276	163 
277	96 
278	226 
279	298 
280	231 
281	283 
282	269 
283	239 
284	56 
285	222 
286	23 
287	245 
288	163 
289	254 
290	262 
291	129 
292	132 
293	168 
294	339 
295	221 
296	64 
297	289 
298	47 
299	319 
300	340 
301	272 
302	30 
303	293 
304	19 
305	129 
306	196 
307	315 
308	138 
309	289 
310	20 
311	336 
312	190 
313	393 
314	213 
315	114 
316	291 
317	71 
318	174 
319	165 
320	320 
321	289 
322	25 
323	114 
324	3 
325	214 
326	289 
327	328 
328	132 
329	53 
330	268 
331	138 
332	250 
333	319 
334	44 
335	10 
336	168 
337	319 
338	301 
339	217 
340	64 
341	329 
342	72 
343	327 
344	310 
345	263 
346	208 
347	124 
348	32 
349	204 
350	131 
351	331 
352	73 
353	289 
354	101 
355	152 
356	289 
357	386 
358	268 
359	301 
360	280 
361	213 
362	114 
363	351 
364	307 
365	114 
366	130 
367	114 
368	110 
369	79 
370	82 
371	320 
372	258 
373	249 
374	341 
375	376 
376	38 
377	250 
378	115 
379	290 
380	9 
381	88 
382	321 
383	339 
384	240 
385	88 
386	161 
387	193 
388	44 
389	164 
390	345 
391	363 
392	114 
393	117 
394	233 
395	331 
396	126 
397	301 
398	340 
399	178 
400	377 
401	71 
402	107 
403	121 
404	212 
405	58 
406	101 
407	261 
408	272 
409	304 
410	253 
411	277 
412	53 
413	327 
414	254 
415	121 
416	148 
417	231 
418	322 
419	317 
420	331 
421	307 
422	82 
423	262 
424	134 
425	10 
426	218 
427	249 
428	180 
429	151 
430	134 
431	159 
432	85 
433	385 
434	335 
435	134 
436	134 
437	158 
438	97 
439	6 
440	229 
441	335 
442	298 
443	290 
444	348 
445	385 
446	349 
447	291 
448	262 
449	384 
450	239 
451	343 
452	217 
453	22 
454	259 
455	368 
456	328 
457	198 
458	301 
459	63 
460	132 
461	25 
462	168 
463	385 
464	23 
465	200 
466	250 
467	129 
468	135 
469	254 
470	200 
471	214 
472	252 
473	10 
474	298 
475	44 
476	270 
477	339 
478	320 
479	263 
480	387 
481	79 
482	340 
483	387 
484	30 
485	3 
486	354 
487	388 
488	389 
489	40 
490	319 
491	112 
492	349 
493	307 
494	97 
495	117 
496	205 
497	63 
498	14 
499	240 
500	128 
501	225 
502	134 
503	178 
504	168 
505	19 
506	280 
507	345 
508	319 
509	3 
510	6 
511	44 
512	321 
513	350 
514	97 
515	245 
516	168 
517	10 
518	188 
519	329 
520	44 
521	340 
522	1 
523	272 
524	10 
525	208 
526	170 
527	322 
528	357 
529	41 
530	92 
531	3 
532	281 
533	178 
534	148 
535	226 
536	363 
537	379 
538	96 
539	307 
540	1 
541	276 
542	213 
543	338 
544	261 
545	225 
546	131 
547	58 
548	264 
549	273 
550	177 
551	310 
552	286 
553	249 
554	79 
555	168 
556	180 
557	114 
558	277 
559	221 
560	23 
561	123 
562	129 
563	268 
564	19 
565	14 
566	306 
567	182 
568	257 
569	297 
570	88 
571	320 
572	143 
573	154 
574	198 
575	117 
576	196 
577	187 
578	204 
579	242 
580	285 
581	112 
582	158 
583	186 
584	331 
585	66 
586	186 
587	38 
588	213 
589	315 
590	242 
591	178 
592	388 
593	150 
594	378 
595	240 
596	264 
597	276 
598	1 
599	163 
600	245 
601	137 
602	254 
603	363 
604	154 
605	97 
606	7 
607	328 
608	225 
609	22 
610	138 
611	185 
612	287 
613	329 
614	110 
615	124 
616	23 
617	215 
618	61 
619	379 
620	363 
621	185 
622	32 
623	41 
624	21 
625	315 
626	9 
627	315 
628	130 
629	97 
630	186 
631	385 
632	129 
633	365 
634	12 
635	155 
636	326 
637	304 
638	96 
639	23 
640	30 
641	309 
642	301 
643	142 
644	166 
645	252 
646	10 
647	105 
648	391 
649	101 
650	208 
651	281 
652	340 
653	170 
654	199 
655	21 
656	225 
657	215 
658	302 
659	254 
660	136 
661	21 
662	328 
663	226 
664	117 
665	385 
666	291 
667	262 
668	184 
669	245 
670	129 
671	340 
672	134 
673	114 
674	184 
675	184 
676	226 
677	79 
678	151 
679	286 
680	363 
681	89 
682	328 
683	151 
684	298 
685	378 
686	246 
687	311 
688	155 
689	88 
690	272 
691	228 
692	56 
693	277 
694	56 
695	134 
696	41 
697	175 
698	261 
699	254 
700	322 
701	200 
702	252 
703	96 
704	93 
705	188 
706	157 
707	263 
708	252 
709	278 
710	206 
711	340 
712	249 
713	359 
714	287 
715	29 
716	29 
717	208 
718	354 
719	5 
720	258 
721	79 
722	240 
723	374 
724	144 
725	239 
726	180 
727	53 
728	324 
729	174 
730	387 
731	320 
732	278 
733	229 
734	168 
735	109 
736	272 
737	153 
738	257 
739	185 
740	10 
741	180 
742	226 
743	319 
744	165 
745	109 
746	148 
747	204 
748	100 
749	317 
750	231 
751	137 
752	184 
753	102 
754	381 
755	206 
756	33 
757	79 
758	321 
759	240 
760	23 
761	379 
762	177 
763	109 
764	307 
765	30 
766	137 
767	196 
768	385 
769	335 
770	88 
771	10 
772	277 
773	13 
774	155 
775	301 
776	108 
777	215 
778	208 
779	178 
780	378 
781	160 
782	263 
783	154 
784	151 
785	25 
786	13 
787	278 
788	30 
789	95 
790	184 
791	88 
792	289 
793	196 
794	9 
795	319 
796	85 
797	171 
798	255 
799	223 
800	230 
801	73 
802	388 
803	293 
804	249 
805	19 
806	69 
807	79 
808	147 
809	195 
810	322 
811	336 
812	153 
813	251 
814	339 
815	9 
816	21 
817	112 
818	306 
819	241 
820	345 
821	185 
822	28 
823	339 
824	211 
825	233 
826	223 
827	223 
828	138 
829	171 
830	112 
831	1 
832	315 
833	295 
834	154 
835	202 
836	10 
837	117 
838	202 
839	198 
840	109 
841	110 
842	281 
843	378 
844	211 
845	6 
846	154 
847	184 
848	239 
849	335 
850	23 
851	6 
852	38 
853	223 
854	149 
855	324 
856	146 
857	176 
858	245 
859	93 
860	381 
861	244 
862	367 
863	178 
864	269 
865	307 
866	233 
867	68 
868	63 
869	338 
870	317 
871	244 
872	240 
873	289 
874	206 
875	25 
876	134 
877	215 
878	137 
879	268 
880	112 
881	112 
882	290 
883	150 
884	264 
885	240 
886	153 
887	262 
888	252 
889	364 
890	253 
891	184 
892	354 
893	378 
894	204 
895	100 
896	3 
897	21 
898	226 
899	154 
900	60 
901	262 
902	345 
903	340 
904	112 
905	322 
906	205 
907	254 
908	178 
909	321 
910	185 
911	295 
912	363 
913	388 
914	153 
915	3 
916	329 
917	261 
918	208 
919	101 
920	257 
921	96 
922	258 
923	208 
924	272 
925	242 
926	178 
927	212 
928	213 
929	120 
930	303 
931	333 
932	231 
933	153 
934	324 
935	378 
936	85 
937	377 
938	30 
939	286 
940	199 
941	331 
942	129 
943	384 
944	124 
945	387 
946	258 
947	64 
948	266 
949	340 
950	61 
951	41 
952	349 
953	157 
954	289 
955	5 
956	178 
957	229 
958	178 
959	249 
960	213 
961	269 
962	339 
963	301 
964	219 
965	212 
966	177 
967	30 
968	335 
969	178 
970	298 
971	111 
972	363 
973	223 
974	107 
975	30 
976	22 
977	327 
978	41 
979	132 
980	26 
981	185 
982	242 
983	130 
984	210 
985	73 
986	96 
987	1 
988	239 
989	64 
990	200 
991	302 
992	258 
993	32 
994	339 
995	221 
996	100 
997	304 
998	281 
999	211 
1000	19 
1001	168 
1002	117 
1003	78 
1004	349 
1005	134 
1006	101 
1007	178 
1008	269 
1009	165 
1010	245 
1011	328 
1012	349 
1013	194 
1014	85 
1015	377 
1016	37 
1017	268 
1018	173 
1019	199 
1020	186 
1021	340 
1022	51 
1023	72 
1024	204 
1025	121 
1026	233 
1027	111 
1028	205 
1029	328 
1030	117 
1031	281 
1032	21 
1033	7 
1034	299 
1035	178 
1036	41 
1037	140 
1038	172 
1039	301 
1040	306 
1041	269 
1042	112 
1043	83 
1044	273 
1045	88 
1046	311 
1047	385 
1048	208 
1049	193 
1050	278 
1051	320 
1052	187 
1053	334 
1054	143 
1055	178 
1056	32 
1057	226 
1058	349 
1059	206 
1060	71 
1061	202 
1062	58 
1063	245 
1064	148 
1065	256 
1066	278 
1067	132 
1068	279 
1069	117 
1070	185 
1071	142 
1072	60 
1073	56 
1074	165 
1075	188 
1076	346 
1077	21 
1078	290 
1079	245 
1080	250 
1081	211 
1082	287 
1083	109 
1084	180 
1085	319 
1086	316 
1087	317 
1088	6 
1089	153 
1090	378 
1091	184 
1092	341 
1093	354 
1094	174 
1095	44 
1096	228 
1097	304 
1098	263 
1099	303 
1100	250 
1101	196 
1102	9 
1103	211 
1104	296 
1105	117 
1106	204 
1107	1 
1108	302 
1109	315 
1110	6 
1111	289 
1112	10 
1113	363 
1114	153 
1115	342 
1116	278 
1117	113 
1118	184 
1119	338 
1120	257 
1121	113 
1122	190 
1123	216 
1124	311 
1125	47 
1126	73 
1127	355 
1128	23 
1129	168 
1130	286 
1131	185 
1132	252 
1133	257 
1134	298 
1135	322 
1136	159 
1137	296 
1138	184 
1139	330 
1140	195 
1141	259 
1142	178 
1143	321 
1144	180 
1145	167 
1146	273 
1147	243 
1148	213 
1149	129 
1150	64 
1151	269 
1152	109 
1153	109 
1154	258 
1155	63 
1156	380 
1157	245 
1158	192 
1159	132 
1160	262 
1161	23 
1162	193 
1163	166 
1164	348 
1165	155 
1166	44 
1167	286 
1168	249 
1169	129 
1170	349 
1171	22 
1172	348 
1173	233 
1174	152 
1175	121 
1176	388 
1177	180 
1178	101 
1179	314 
1180	238 
1181	257 
1182	272 
1183	1 
1184	254 
1185	188 
1186	200 
1187	178 
1188	3 
1189	43 
1190	244 
1191	174 
1192	96 
1193	153 
1194	3 
1195	54 
1196	342 
1197	359 
1198	100 
1199	202 
1200	114 
1201	217 
1202	138 
1203	239 
1204	349 
1205	150 
1206	30 
1207	374 
1208	148 
1209	384 
1210	218 
1211	335 
1212	97 
1213	152 
1214	138 
1215	339 
1216	213 
1217	134 
1218	129 
1219	199 
1220	354 
1221	216 
1222	187 
1223	316 
1224	130 
1225	139 
1226	339 
1227	379 
1228	389 
1229	35 
1230	328 
1231	240 
1232	23 
1233	131 
1234	358 
1235	363 
1236	322 
1237	70 
1238	295 
1239	124 
1240	1 
1241	30 
1242	117 
1243	180 
1244	246 
1245	63 
1246	196 
1247	196 
1248	228 
1249	282 
1250	311 
1251	351 
1252	254 
1253	289 
1254	9 
1255	117 
1256	117 
1257	268 
1258	184 
1259	213 
1260	298 
1261	96 
1262	80 
1263	245 
1264	213 
1265	148 
1266	199 
1267	71 
1268	357 
1269	295 
1270	151 
1271	42 
1272	61 
1273	339 
1274	289 
1275	129 
1276	332 
1277	165 
1278	359 
1279	71 
1280	241 
1281	63 
1282	97 
1283	28 
1284	320 
1285	15 
1286	11 
1287	3 
1288	355 
1289	154 
1290	340 
1291	144 
1292	204 
1293	388 
1294	286 
1295	200 
1296	328 
1297	199 
1298	233 
1299	249 
1300	253 
1301	79 
1302	336 
1303	88 
1304	178 
1305	60 
1306	377 
1307	24 
1308	129 
1309	131 
1310	68 
1311	307 
1312	178 
1313	257 
1314	9 
1315	25 
1316	128 
1317	309 
1318	221 
1319	158 
1320	69 
1321	331 
1322	204 
1323	316 
1324	95 
1325	109 
1326	362 
1327	152 
1328	152 
1329	141 
1330	58 
1331	338 
1332	335 
1333	31 
1334	344 
1335	349 
1336	31 
1337	22 
1338	174 
1339	373 
1340	298 
1341	343 
1342	249 
1343	316 
1344	339 
1345	48 
1346	240 
1347	32 
1348	322 
1349	306 
1350	180 
1351	229 
1352	21 
1353	300 
1354	324 
1355	100 
1356	25 
1357	257 
1358	184 
1359	137 
1360	388 
1361	305 
1362	206 
1363	314 
1364	217 
1365	53 
1366	88 
1367	315 
1368	290 
1369	65 
1370	6 
1371	367 
1372	279 
1373	305 
1374	341 
1375	393 
1376	289 
1377	231 
1378	129 
1379	79 
1380	328 
1381	384 
1382	61 
1383	28 
1384	285 
1385	214 
1386	63 
1387	121 
1388	129 
1389	282 
1390	306 
1391	321 
1392	329 
1393	64 
1394	235 
1395	189 
1396	21 
1397	341 
1398	65 
1399	97 
1400	294 
1401	32 
1402	335 
1403	60 
1404	281 
1405	115 
1406	258 
1407	231 
1408	138 
1409	261 
1410	88 
1411	9 
1412	213 
1413	269 
1414	178 
1415	328 
1416	90 
1417	261 
1418	357 
1419	100 
1420	321 
1421	9 
1422	214 
1423	381 
1424	180 
1425	47 
1426	384 
1427	319 
1428	128 
1429	272 
1430	94 
1431	132 
1432	277 
1433	367 
1434	191 
1435	288 
1436	361 
1437	215 
1438	363 
1439	287 
1440	23 
1441	168 
1442	117 
1443	361 
1444	59 
1445	152 
1446	36 
1447	96 
1448	301 
1449	91 
1450	140 
1451	86 
1452	185 
1453	178 
1454	202 
1455	339 
1456	55 
1457	233 
1458	345 
1459	101 
1460	88 
1461	322 
1462	178 
1463	272 
1464	185 
1465	138 
1466	24 
1467	115 
1468	73 
1469	129 
1470	240 
1471	97 
1472	254 
1473	117 
1474	290 
1475	114 
1476	258 
1477	79 
1478	168 
1479	213 
1480	1 
1481	123 
1482	25 
1483	196 
1484	124 
1485	168 
1486	257 
1487	322 
1488	176 
1489	264 
1490	180 
1491	269 
1492	223 
1493	208 
1494	211 
1495	147 
1496	131 
1497	298 
1498	303 
1499	132 
1500	62 
1501	387 
1502	245 
1503	287 
1504	363 
1505	82 
1506	317 
1507	231 
1508	111 
1509	137 
1510	387 
1511	146 
1512	64 
1513	335 
1514	228 
1515	202 
1516	32 
1517	383 
1518	387 
1519	215 
1520	366 
1521	155 
1522	199 
1523	356 
1524	108 
1525	210 
1526	31 
1527	109 
1528	305 
1529	205 
1530	180 
1531	134 
1532	233 
1533	320 
1534	185 
1535	306 
1536	311 
1537	79 
1538	102 
1539	203 
1540	101 
1541	216 
1542	286 
1543	47 
1544	185 
1545	63 
1546	233 
1547	168 
1548	390 
1549	293 
1550	257 
1551	100 
1552	271 
1553	298 
1554	215 
1555	243 
1556	205 
1557	363 
1558	178 
1559	44 
1560	354 
1561	25 
1562	199 
1563	5 
1564	344 
1565	179 
1566	114 
1567	341 
1568	252 
1569	239 
1570	198 
1571	211 
1572	1 
1573	316 
1574	372 
1575	328 
1576	168 
1577	199 
1578	315 
1579	84 
1580	204 
1581	109 
1582	131 
1583	381 
1584	359 
1585	319 
1586	151 
1587	117 
1588	211 
1589	238 
1590	250 
1591	155 
1592	165 
1593	35 
1594	70 
1595	357 
1596	307 
1597	97 
1598	13 
1599	285 
1600	340 
1601	184 
1602	178 
1603	37 
1604	254 
1605	388 
1606	47 
1607	383 
1608	258 
1609	61 
1610	292 
1611	19 
1612	138 
1613	84 
1614	322 
1615	352 
1616	200 
1617	211 
1618	97 
1619	112 
1620	82 
1621	63 
1622	209 
1623	286 
1624	268 
1625	338 
1626	40 
1627	229 
1628	302 
1629	80 
1630	115 
1631	298 
1632	198 
1633	281 
1634	138 
1635	173 
1636	200 
1637	253 
1638	20 
1639	132 
1640	242 
1641	38 
1642	101 
1643	284 
1644	289 
1645	123 
1646	228 
1647	27 
1648	215 
1649	174 
1650	378 
1651	361 
1652	215 
1653	152 
1654	59 
1655	349 
1656	347 
1657	180 
1658	174 
1659	254 
1660	178 
1661	188 
1662	247 
1663	340 
1664	97 
1665	1 
1666	375 
1667	215 
1668	100 
1669	126 
1670	86 
1671	249 
1672	322 
1673	308 
1674	373 
1675	354 
1676	213 
1677	320 
1678	234 
1679	221 
1680	9 
1681	140 
1682	143 
1683	168 
1684	1 
1685	165 
1686	225 
1687	106 
1688	338 
1689	154 
1690	28 
1691	306 
1692	185 
1693	58 
1694	79 
1695	16 
1696	22 
1697	109 
1698	263 
1699	138 
1700	3 
1701	97 
1702	81 
1703	138 
1704	137 
1705	248 
1706	121 
1707	140 
1708	249 
1709	151 
1710	234 
1711	87 
1712	55 
1713	3 
1714	254 
1715	120 
1716	331 
1717	240 
1718	233 
1719	235 
1720	331 
1721	252 
1722	214 
1723	138 
1724	233 
1725	115 
1726	225 
1727	289 
1728	115 
1729	288 
1730	6 
1731	140 
1732	196 
1733	345 
1734	262 
1735	180 
1736	363 
1737	213 
1738	180 
1739	244 
1740	298 
1741	102 
1742	158 
1743	88 
1744	317 
1745	387 
1746	328 
1747	142 
1748	134 
1749	97 
1750	16 
1751	225 
1752	2 
1753	326 
1754	28 
1755	199 
1756	342 
1757	378 
1758	129 
1759	76 
1760	187 
1761	82 
1762	58 
1763	314 
1764	186 
1765	182 
1766	228 
1767	303 
1768	168 
1769	208 
1770	155 
1771	242 
1772	272 
1773	282 
1774	138 
1775	300 
1776	75 
1777	3 
1778	55 
1779	5 
1780	241 
1781	168 
1782	267 
1783	301 
1784	367 
1785	387 
1786	63 
1787	47 
1788	328 
1789	345 
1790	130 
1791	184 
1792	134 
1793	208 
1794	3 
1795	134 
1796	204 
1797	185 
1798	148 
1799	110 
1800	152 
1801	390 
1802	349 
1803	213 
1804	229 
1805	233 
1806	38 
1807	263 
1808	324 
1809	298 
1810	286 
1811	272 
1812	204 
1813	112 
1814	21 
1815	194 
1816	252 
1817	386 
1818	128 
1819	1 
1820	78 
1821	10 
1822	161 
1823	78 
1824	124 
1825	286 
1826	112 
1827	187 
1828	344 
1829	211 
1830	125 
1831	185 
1832	351 
1833	53 
1834	62 
1835	86 
1836	108 
1837	268 
1838	187 
1839	9 
1840	289 
1841	324 
1842	317 
1843	198 
1844	134 
1845	226 
1846	331 
1847	165 
1848	219 
1849	215 
1850	178 
1851	249 
1852	139 
1853	301 
1854	295 
1855	213 
1856	369 
1857	298 
1858	10 
1859	1 
1860	320 
1861	64 
1862	124 
1863	367 
1864	269 
1865	155 
1866	340 
1867	213 
1868	342 
1869	249 
1870	391 
1871	288 
1872	289 
1873	367 
1874	388 
1875	61 
1876	138 
1877	228 
1878	345 
1879	129 
1880	63 
1881	198 
1882	115 
1883	258 
1884	174 
1885	153 
1886	196 
1887	88 
1888	298 
1889	349 
1890	349 
1891	211 
1892	384 
1893	339 
1894	365 
1895	58 
1896	212 
1897	211 
1898	286 
1899	140 
1900	78 
1901	80 
1902	58 
1903	327 
1904	3 
1905	258 
1906	311 
1907	260 
1908	42 
1909	148 
1910	248 
1911	55 
1912	64 
1913	3 
1914	241 
1915	13 
1916	316 
1917	327 
1918	55 
1919	341 
1920	361 
1921	100 
1922	10 
1923	78 
1924	391 
1925	151 
1926	325 
1927	187 
1928	342 
1929	111 
1930	342 
1931	213 
1932	142 
1933	361 
1934	269 
1935	298 
1936	109 
1937	101 
1938	64 
1939	362 
1940	252 
1941	10 
1942	242 
1943	58 
1944	128 
1945	334 
1946	142 
1947	263 
1948	88 
1949	151 
1950	180 
1951	151 
1952	170 
1953	9 
1954	291 
1955	245 
1956	53 
1957	154 
1958	138 
1959	21 
1960	162 
1961	342 
1962	148 
1963	208 
1964	97 
1965	258 
1966	30 
1967	351 
1968	240 
1969	138 
1970	258 
1971	339 
1972	319 
1973	233 
1974	82 
1975	48 
1976	132 
1977	344 
1978	367 
1979	337 
1980	247 
1981	379 
1982	143 
1983	64 
1984	200 
1985	263 
1986	154 
1987	226 
1988	301 
1989	186 
1990	202 
1991	140 
1992	343 
1993	286 
1994	10 
1995	168 
1996	130 
1997	80 
1998	5 
1999	380 
2000	302 
2001	30 
2002	249 
2003	168 
2004	96 
2005	156 
2006	204 
2007	301 
2008	298 
2009	233 
2010	20 
2011	349 
2012	328 
2013	251 
2014	140 
2015	97 
2016	221 
2017	264 
2018	85 
2019	175 
2020	364 
2021	223 
2022	236 
2023	198 
2024	224 
2025	270 
2026	339 
2027	286 
2028	152 
2029	154 
2030	249 
2031	70 
2032	320 
2033	318 
2034	200 
2035	91 
2036	300 
2037	185 
2038	168 
2039	328 
2040	384 
2041	210 
2042	254 
2043	261 
2044	185 
2045	79 
2046	128 
2047	339 
2048	390 
2049	2 
2050	298 
2051	32 
2052	268 
2053	306 
2054	112 
2055	339 
2056	146 
2057	301 
2058	240 
2059	335 
2060	158 
2061	121 
2062	294 
2063	378 
2064	363 
2065	108 
2066	199 
2067	154 
2068	28 
2069	248 
2070	338 
2071	45 
2072	256 
2073	129 
2074	354 
2075	143 
2076	148 
2077	354 
2078	240 
2079	50 
2080	198 
2081	59 
2082	361 
2083	245 
2084	137 
2085	346 
2086	17 
2087	30 
2088	28 
2089	53 
2090	351 
2091	25 
2092	267 
2093	215 
2094	351 
2095	324 
2096	7 
2097	184 
2098	179 
2099	110 
2100	262 
2101	377 
2102	319 
2103	217 
2104	198 
2105	144 
2106	213 
2107	73 
2108	79 
2109	226 
2110	324 
2111	307 
2112	71 
2113	134 
2114	274 
2115	360 
2116	82 
2117	130 
2118	131 
2119	155 
2120	381 
2121	58 
2122	202 
2123	362 
2124	117 
2125	117 
2126	138 
2127	141 
2128	144 
2129	18 
2130	253 
2131	304 
2132	319 
2133	140 
2134	361 
2135	30 
2136	211 
2137	67 
2138	88 
2139	152 
2140	322 
2141	290 
2142	136 
2143	138 
2144	365 
2145	357 
2146	5 
2147	221 
2148	361 
2149	9 
2150	131 
2151	58 
2152	345 
2153	306 
2154	286 
2155	120 
2156	208 
2157	324 
2158	327 
2159	254 
2160	379 
2161	71 
2162	1 
2163	17 
2164	226 
2165	217 
2166	188 
2167	131 
2168	387 
2169	153 
2170	115 
2171	50 
2172	42 
2173	283 
2174	56 
2175	257 
2176	198 
2177	384 
2178	375 
2179	129 
2180	187 
2181	387 
2182	132 
2183	387 
2184	79 
2185	154 
2186	80 
2187	61 
2188	132 
2189	287 
2190	383 
2191	20 
2192	178 
2193	155 
2194	97 
2195	130 
2196	202 
2197	55 
2198	180 
2199	5 
2200	17 
2201	387 
2202	298 
2203	381 
2204	252 
2205	11 
2206	134 
2207	257 
2208	260 
2209	350 
2210	391 
2211	228 
2212	196 
2213	183 
2214	61 
2215	10 
2216	363 
2217	56 
2218	78 
2219	154 
2220	88 
2221	104 
2222	53 
2223	262 
2224	195 
2225	180 
2226	269 
2227	185 
2228	150 
2229	178 
2230	101 
2231	134 
2232	208 
2233	350 
2234	96 
2235	114 
2236	231 
2237	345 
2238	148 
2239	250 
2240	88 
2241	187 
2242	340 
2243	196 
2244	70 
2245	41 
2246	79 
2247	151 
2248	79 
2249	58 
2250	9 
2251	261 
2252	120 
2253	240 
2254	349 
2255	280 
2256	233 
2257	321 
2258	306 
2259	187 
2260	319 
2261	154 
2262	155 
2263	187 
2264	30 
2265	64 
2266	70 
2267	213 
2268	64 
2269	214 
2270	331 
2271	363 
2272	109 
2273	30 
2274	142 
2275	315 
2276	168 
2277	307 
2278	113 
2279	200 
2280	205 
2281	339 
2282	290 
2283	190 
2284	226 
2285	340 
2286	138 
2287	70 
2288	241 
2289	83 
2290	10 
2291	151 
2292	101 
2293	257 
2294	96 
2295	286 
2296	81 
2297	204 
2298	277 
2299	327 
2300	339 
2301	316 
2302	298 
2303	184 
2304	179 
2305	233 
2306	361 
2307	132 
2308	205 
2309	322 
2310	124 
2311	168 
2312	185 
2313	180 
2314	301 
2315	363 
2316	185 
2317	272 
2318	130 
2319	82 
2320	168 
2321	272 
2322	136 
2323	130 
2324	58 
2325	132 
2326	363 
2327	255 
2328	269 
2329	324 
2330	254 
2331	78 
2332	152 
2333	245 
2334	178 
2335	112 
2336	286 
2337	79 
2338	129 
2339	178 
2340	222 
2341	11 
2342	286 
2343	61 
2344	379 
2345	379 
2346	84 
2347	77 
2348	101 
2349	64 
2350	77 
2351	245 
2352	254 
2353	213 
2354	307 
2355	258 
2356	3 
2357	388 
2358	97 
2359	37 
2360	63 
2361	208 
2362	340 
2363	155 
2364	213 
2365	317 
2366	149 
2367	63 
2368	25 
2369	199 
2370	302 
2371	298 
2372	43 
2373	198 
2374	324 
2375	289 
2376	298 
2377	129 
2378	314 
2379	5 
2380	331 
2381	27 
2382	382 
2383	156 
2384	198 
2385	141 
2386	354 
2387	239 
2388	23 
2389	286 
2390	145 
2391	320 
2392	178 
2393	298 
2394	155 
2395	146 
2396	306 
2397	79 
2398	101 
2399	138 
2400	290 
2401	252 
2402	168 
2403	168 
2404	73 
2405	266 
2406	9 
2407	82 
2408	196 
2409	79 
2410	268 
2411	188 
2412	178 
2413	331 
2414	211 
2415	266 
2416	353 
2417	137 
2418	153 
2419	208 
2420	333 
2421	133 
2422	213 
2423	359 
2424	285 
2425	345 
2426	162 
2427	88 
2428	320 
2429	254 
2430	321 
2431	141 
2432	79 
2433	3 
2434	221 
2435	388 
2436	6 
2437	79 
2438	344 
2439	157 
2440	42 
2441	363 
2442	130 
2443	151 
2444	61 
2445	328 
2446	340 
2447	49 
2448	224 
2449	114 
2450	320 
2451	384 
2452	317 
2453	124 
2454	124 
2455	37 
2456	6 
2457	3 
2458	359 
2459	271 
2460	249 
2461	187 
2462	112 
2463	215 
2464	21 
2465	264 
2466	154 
2467	68 
2468	134 
2469	129 
2470	370 
2471	307 
2472	211 
2473	97 
2474	110 
2475	113 
2476	121 
2477	178 
2478	341 
2479	331 
2480	153 
2481	302 
2482	215 
2483	200 
2484	331 
2485	109 
2486	206 
2487	391 
2488	122 
2489	17 
2490	114 
2491	331 
2492	13 
2493	363 
2494	325 
2495	347 
2496	284 
2497	161 
2498	322 
2499	213 
2500	363 
2501	221 
2502	319 
2503	315 
2504	295 
2505	258 
2506	220 
2507	10 
2508	286 
2509	357 
2510	1 
2511	6 
2512	68 
2513	299 
2514	63 
2515	263 
2516	82 
2517	363 
2518	151 
2519	363 
2520	324 
2521	42 
2522	393 
2523	3 
2524	153 
2525	189 
2526	338 
2527	363 
2528	65 
2529	250 
2530	269 
2531	177 
2532	140 
2533	320 
2534	336 
2535	114 
2536	244 
2537	118 
2538	28 
2539	319 
2540	148 
2541	7 
2542	273 
2543	248 
2544	8 
2545	184 
2546	142 
2547	139 
2548	84 
2549	245 
2550	30 
2551	47 
2552	96 
2553	133 
2554	312 
2555	234 
2556	117 
2557	198 
2558	206 
2559	211 
2560	117 
2561	254 
2562	199 
2563	340 
2564	212 
2565	379 
2566	303 
2567	69 
2568	311 
2569	142 
2570	328 
2571	64 
2572	121 
2573	311 
2574	302 
2575	310 
2576	193 
2577	240 
2578	348 
2579	63 
2580	61 
2581	344 
2582	27 
2583	339 
2584	197 
2585	242 
2586	152 
2587	142 
2588	122 
2589	257 
2590	228 
2591	132 
2592	67 
2593	340 
2594	97 
2595	129 
2596	109 
2597	130 
2598	112 
2599	340 
2600	293 
2601	187 
2602	44 
2603	298 
2604	116 
2605	165 
2606	283 
2607	304 
2608	30 
2609	263 
2610	30 
2611	30 
2612	330 
2613	133 
2614	88 
2615	314 
2616	316 
2617	270 
2618	162 
2619	188 
2620	79 
2621	153 
2622	132 
2623	384 
2624	82 
2625	359 
2626	55 
2627	130 
2628	302 
2629	298 
2630	25 
2631	185 
2632	379 
2633	138 
2634	328 
2635	254 
2636	88 
2637	64 
2638	117 
2639	208 
2640	349 
2641	263 
2642	82 
2643	362 
2644	187 
2645	57 
2646	276 
2647	130 
2648	341 
2649	252 
2650	305 
2651	225 
2652	110 
2653	208 
2654	49 
2655	113 
2656	315 
2657	227 
2658	21 
2659	309 
2660	249 
2661	235 
2662	71 
2663	299 
2664	184 
2665	32 
2666	89 
2667	6 
2668	64 
2669	322 
2670	119 
2671	341 
2672	298 
2673	130 
2674	54 
2675	242 
2676	9 
2677	307 
2678	354 
2679	282 
2680	198 
2681	142 
2682	210 
2683	328 
2684	76 
2685	338 
2686	268 
2687	388 
2688	341 
2689	8 
2690	31 
2691	58 
2692	339 
2693	74 
2694	100 
2695	152 
2696	240 
2697	58 
2698	109 
2699	105 
2700	198 
2701	329 
2702	168 
2703	388 
2704	257 
2705	135 
2706	307 
2707	257 
2708	138 
2709	387 
2710	185 
2711	10 
2712	128 
2713	146 
2714	238 
2715	226 
2716	3 
2717	348 
2718	241 
2719	50 
2720	174 
2721	326 
2722	64 
2723	134 
2724	87 
2725	210 
2726	257 
2727	115 
2728	354 
2729	237 
2730	202 
2731	61 
2732	288 
2733	36 
2734	10 
2735	92 
2736	21 
2737	321 
2738	215 
2739	62 
2740	329 
2741	117 
2742	231 
2743	85 
2744	231 
2745	23 
2746	188 
2747	117 
2748	221 
2749	124 
2750	84 
2751	78 
2752	10 
2753	340 
2754	166 
2755	188 
2756	100 
2757	119 
2758	304 
2759	38 
2760	100 
2761	178 
2762	248 
2763	47 
2764	264 
2765	240 
2766	64 
2767	387 
2768	281 
2769	130 
2770	142 
2771	91 
2772	359 
2773	379 
2774	378 
2775	208 
2776	371 
2777	267 
2778	266 
2779	258 
2780	239 
2781	239 
2782	53 
2783	80 
2784	130 
2785	56 
2786	129 
2787	97 
2788	336 
2789	25 
2790	144 
2791	231 
2792	340 
2793	208 
2794	349 
2795	354 
2796	258 
2797	354 
2798	204 
2799	138 
2800	154 
2801	361 
2802	343 
2803	315 
2804	302 
2805	132 
2806	72 
2807	256 
2808	257 
2809	30 
2810	354 
2811	381 
2812	165 
2813	357 
2814	346 
2815	262 
2816	120 
2817	117 
2818	268 
2819	272 
2820	168 
2821	258 
2822	240 
2823	198 
2824	204 
2825	273 
2826	61 
2827	117 
2828	41 
2829	53 
2830	290 
2831	237 
2832	1 
2833	160 
2834	198 
2835	366 
2836	264 
2837	33 
2838	97 
2839	1 
2840	13 
2841	148 
2842	9 
2843	249 
2844	101 
2845	385 
2846	56 
2847	168 
2848	36 
2849	244 
2850	148 
2851	324 
2852	309 
2853	298 
2854	1 
2855	154 
2856	281 
2857	254 
2858	251 
2859	53 
2860	388 
2861	127 
2862	52 
2863	172 
2864	32 
2865	340 
2866	100 
2867	264 
2868	235 
2869	349 
2870	275 
2871	198 
2872	239 
2873	198 
2874	335 
2875	170 
2876	213 
2877	198 
2878	378 
2879	306 
2880	1 
2881	97 
2882	9 
2883	146 
2884	329 
2885	167 
2886	144 
2887	128 
2888	245 
2889	202 
2890	379 
2891	161 
2892	144 
2893	248 
2894	295 
2895	1 
2896	184 
2897	204 
2898	137 
2899	193 
2900	239 
2901	274 
2902	138 
2903	211 
2904	204 
2905	204 
2906	315 
2907	277 
2908	109 
2909	239 
2910	257 
2911	28 
2912	132 
2913	71 
2914	233 
2915	62 
2916	240 
2917	243 
2918	258 
2919	211 
2920	25 
2921	211 
2922	64 
2923	112 
2924	216 
2925	110 
2926	254 
2927	185 
2928	128 
2929	253 
2930	391 
2931	179 
2932	140 
2933	354 
2934	178 
2935	150 
2936	124 
2937	206 
2938	41 
2939	331 
2940	202 
2941	20 
2942	338 
2943	115 
2944	316 
2945	244 
2946	82 
2947	199 
2948	185 
2949	385 
2950	140 
2951	121 
2952	240 
2953	186 
2954	211 
2955	9 
2956	58 
2957	128 
2958	202 
2959	240 
2960	252 
2961	131 
2962	328 
2963	208 
2964	226 
2965	102 
2966	226 
2967	21 
2968	253 
2969	391 
2970	252 
2971	51 
2972	32 
2973	265 
2974	264 
2975	86 
2976	298 
2977	204 
2978	347 
2979	226 
2980	354 
2981	370 
2982	301 
2983	198 
2984	4 
2985	213 
2986	184 
2987	158 
2988	31 
2989	302 
2990	301 
2991	23 
2992	349 
2993	307 
2994	318 
2995	10 
2996	109 
2997	321 
2998	363 
2999	254 
3000	229 
3001	198 
3002	180 
3003	78 
3004	233 
3005	276 
3006	204 
3007	153 
3008	298 
3009	362 
3010	359 
3011	344 
3012	315 
3013	124 
3014	7 
3015	361 
3016	30 
3017	31 
3018	323 
3019	298 
3020	25 
3021	226 
3022	257 
3023	298 
3024	309 
3025	300 
3026	134 
3027	229 
3028	32 
3029	312 
3030	257 
3031	168 
3032	129 
3033	196 
3034	104 
3035	22 
3036	1 
3037	148 
3038	272 
3039	55 
3040	150 
3041	377 
3042	92 
3043	198 
3044	60 
3045	258 
3046	58 
3047	268 
3048	112 
3049	236 
3050	180 
3051	185 
3052	98 
3053	373 
3054	298 
3055	208 
3056	323 
3057	226 
3058	258 
3059	229 
3060	268 
3061	118 
3062	253 
3063	252 
3064	31 
3065	289 
3066	239 
3067	245 
3068	303 
3069	117 
3070	378 
3071	188 
3072	331 
3073	168 
3074	268 
3075	378 
3076	53 
3077	118 
3078	229 
3079	391 
3080	298 
3081	127 
3082	70 
3083	349 
3084	75 
3085	388 
3086	79 
3087	28 
3088	213 
3089	340 
3090	302 
3091	318 
3092	50 
3093	319 
3094	23 
3095	165 
3096	2 
3097	338 
3098	387 
3099	380 
3100	351 
3101	138 
3102	117 
3103	348 
3104	74 
3105	184 
3106	233 
3107	183 
3108	92 
3109	249 
3110	320 
3111	100 
3112	7 
3113	306 
3114	112 
3115	388 
3116	64 
3117	71 
3118	63 
3119	339 
3120	210 
3121	21 
3122	343 
3123	328 
3124	211 
3125	151 
3126	305 
3127	251 
3128	387 
3129	249 
3130	211 
3131	326 
3132	113 
3133	215 
3134	130 
3135	120 
3136	152 
3137	338 
3138	58 
3139	335 
3140	207 
3141	32 
3142	223 
3143	354 
3144	306 
3145	250 
3146	3 
3147	270 
3148	99 
3149	86 
3150	241 
3151	353 
3152	63 
3153	154 
3154	112 
3155	165 
3156	100 
3157	130 
3158	97 
3159	1 
3160	168 
3161	261 
3162	240 
3163	356 
3164	109 
3165	322 
3166	164 
3167	342 
3168	272 
3169	302 
3170	167 
3171	101 
3172	340 
3173	213 
3174	285 
3175	168 
3176	81 
3177	301 
3178	249 
3179	197 
3180	119 
3181	88 
3182	82 
3183	231 
3184	265 
3185	8 
3186	387 
3187	124 
3188	307 
3189	269 
3190	198 
3191	91 
3192	121 
3193	150 
3194	339 
3195	128 
3196	215 
3197	150 
3198	63 
3199	165 
3200	208 
3201	242 
3202	124 
3203	25 
3204	211 
3205	363 
3206	233 
3207	27 
3208	114 
3209	130 
3210	1 
3211	363 
3212	61 
3213	349 
3214	172 
3215	206 
3216	251 
3217	30 
3218	369 
3219	9 
3220	320 
3221	215 
3222	97 
3223	358 
3224	363 
3225	25 
3226	107 
3227	362 
3228	254 
3229	117 
3230	205 
3231	198 
3232	226 
3233	172 
3234	298 
3235	30 
3236	344 
3237	254 
3238	130 
3239	263 
3240	134 
3241	332 
3242	301 
3243	211 
3244	201 
3245	3 
3246	165 
3247	307 
3248	269 
3249	268 
3250	34 
3251	229 
3252	87 
3253	329 
3254	168 
3255	128 
3256	307 
3257	340 
3258	193 
3259	61 
3260	121 
3261	155 
3262	187 
3263	204 
3264	148 
3265	206 
3266	102 
3267	1 
3268	257 
3269	46 
3270	163 
3271	304 
3272	1 
3273	22 
3274	209 
3275	82 
3276	148 
3277	341 
3278	349 
3279	378 
3280	148 
3281	132 
3282	129 
3283	302 
3284	61 
3285	97 
3286	301 
3287	137 
3288	32 
3289	86 
3290	345 
3291	287 
3292	319 
3293	30 
3294	231 
3295	245 
3296	199 
3297	248 
3298	151 
3299	58 
3300	130 
3301	159 
3302	30 
3303	134 
3304	316 
3305	245 
3306	344 
3307	342 
3308	142 
3309	101 
3310	91 
3311	339 
3312	5 
3313	103 
3314	222 
3315	5 
3316	340 
3317	1 
3318	112 
3319	200 
3320	310 
3321	233 
3322	112 
3323	107 
3324	289 
3325	377 
3326	82 
3327	170 
3328	124 
3329	231 
3330	117 
3331	225 
3332	211 
3333	38 
3334	230 
3335	340 
3336	213 
3337	359 
3338	165 
3339	173 
3340	155 
3341	385 
3342	5 
3343	239 
3344	307 
3345	24 
3346	305 
3347	12 
3348	347 
3349	275 
3350	325 
3351	233 
3352	277 
3353	154 
3354	107 
3355	315 
3356	88 
3357	21 
3358	324 
3359	349 
3360	349 
3361	117 
3362	109 
3363	316 
3364	341 
3365	134 
3366	115 
3367	53 
3368	188 
3369	349 
3370	160 
3371	138 
3372	307 
3373	335 
3374	239 
3375	388 
3376	254 
3377	225 
3378	172 
3379	331 
3380	178 
3381	317 
3382	114 
3383	23 
3384	358 
3385	335 
3386	185 
3387	168 
3388	240 
3389	180 
3390	363 
3391	1 
3392	199 
3393	40 
3394	254 
3395	117 
3396	177 
3397	210 
3398	258 
3399	212 
3400	9 
3401	320 
3402	81 
3403	287 
3404	130 
3405	21 
3406	132 
3407	199 
3408	180 
3409	88 
3410	306 
3411	99 
3412	198 
3413	50 
3414	68 
3415	184 
3416	215 
3417	129 
3418	381 
3419	151 
3420	10 
3421	271 
3422	1 
3423	263 
3424	94 
3425	193 
3426	293 
3427	102 
3428	178 
3429	186 
3430	43 
3431	357 
3432	155 
3433	319 
3434	306 
3435	62 
3436	363 
3437	25 
3438	308 
3439	254 
3440	117 
3441	2 
3442	64 
3443	198 
3444	273 
3445	80 
3446	232 
3447	25 
3448	25 
3449	48 
3450	117 
3451	124 
3452	371 
3453	163 
3454	307 
3455	88 
3456	378 
3457	228 
3458	58 
3459	1 
3460	64 
3461	198 
3462	252 
3463	165 
3464	221 
3465	298 
3466	208 
3467	341 
3468	228 
3469	349 
3470	3 
3471	276 
3472	188 
3473	262 
3474	16 
3475	388 
3476	233 
3477	298 
3478	322 
3479	53 
3480	341 
3481	283 
3482	327 
3483	342 
3484	138 
3485	325 
3486	79 
3487	365 
3488	291 
3489	38 
3490	146 
3491	124 
3492	253 
3493	205 
3494	156 
3495	281 
3496	3 
3497	41 
3498	61 
3499	391 
3500	101 
3501	362 
3502	327 
3503	129 
3504	250 
3505	23 
3506	198 
3507	131 
3508	117 
3509	223 
3510	88 
3511	298 
3512	233 
3513	379 
3514	266 
3515	215 
3516	66 
3517	79 
3518	390 
3519	304 
3520	284 
3521	138 
3522	226 
3523	331 
3524	180 
3525	155 
3526	213 
3527	390 
3528	346 
3529	137 
3530	375 
3531	361 
3532	79 
3533	217 
3534	5 
3535	91 
3536	176 
3537	100 
3538	211 
3539	121 
3540	385 
3541	178 
3542	240 
3543	232 
3544	30 
3545	215 
3546	55 
3547	64 
3548	56 
3549	129 
3550	147 
3551	267 
3552	64 
3553	384 
3554	172 
3555	211 
3556	32 
3557	326 
3558	271 
3559	277 
3560	154 
3561	371 
3562	141 
3563	141 
3564	138 
3565	122 
3566	28 
3567	224 
3568	131 
3569	331 
3570	330 
3571	286 
3572	1 
3573	325 
3574	178 
3575	358 
3576	363 
3577	153 
3578	153 
3579	103 
3580	246 
3581	71 
3582	180 
3583	178 
3584	180 
3585	78 
3586	6 
3587	315 
3588	131 
3589	340 
3590	97 
3591	298 
3592	204 
3593	363 
3594	199 
3595	146 
3596	199 
3597	142 
3598	337 
3599	389 
3600	56 
3601	43 
3602	229 
3603	132 
3604	21 
3605	10 
3606	252 
3607	368 
3608	201 
3609	342 
3610	32 
3611	23 
3612	107 
3613	220 
3614	97 
3615	285 
3616	168 
3617	348 
3618	200 
3619	30 
3620	55 
3621	79 
3622	245 
3623	272 
3624	36 
3625	191 
3626	95 
3627	329 
3628	1 
3629	258 
3630	138 
3631	101 
3632	62 
3633	361 
3634	267 
3635	268 
3636	197 
3637	153 
3638	172 
3639	46 
3640	372 
3641	331 
3642	58 
3643	38 
3644	117 
3645	41 
3646	307 
3647	30 
3648	304 
3649	61 
3650	44 
3651	293 
3652	249 
3653	55 
3654	154 
3655	268 
3656	96 
3657	212 
3658	5 
3659	263 
3660	252 
3661	199 
3662	239 
3663	258 
3664	357 
3665	349 
3666	354 
3667	154 
3668	297 
3669	168 
3670	326 
3671	49 
3672	340 
3673	22 
3674	10 
3675	97 
3676	56 
3677	202 
3678	384 
3679	378 
3680	155 
3681	148 
3682	30 
3683	107 
3684	172 
3685	354 
3686	149 
3687	129 
3688	226 
3689	129 
3690	78 
3691	6 
3692	124 
3693	338 
3694	196 
3695	241 
3696	58 
3697	32 
3698	32 
3699	258 
3700	211 
3701	261 
3702	257 
3703	47 
3704	286 
3705	356 
3706	61 
3707	109 
3708	114 
3709	138 
3710	168 
3711	70 
3712	51 
3713	385 
3714	100 
3715	187 
3716	257 
3717	37 
3718	180 
3719	211 
3720	338 
3721	292 
3722	43 
3723	268 
3724	30 
3725	132 
3726	117 
3727	129 
3728	2 
3729	138 
3730	204 
3731	381 
3732	349 
3733	208 
3734	45 
3735	79 
3736	146 
3737	97 
3738	130 
3739	132 
3740	134 
3741	21 
3742	335 
3743	327 
3744	206 
3745	363 
3746	194 
3747	5 
3748	344 
3749	88 
3750	47 
3751	9 
3752	9 
3753	319 
3754	184 
3755	324 
3756	158 
3757	9 
3758	342 
3759	370 
3760	88 
3761	80 
3762	338 
3763	154 
3764	239 
3765	185 
3766	114 
3767	3 
3768	298 
3769	123 
3770	79 
3771	235 
3772	96 
3773	80 
3774	82 
3775	301 
3776	316 
3777	84 
3778	249 
3779	385 
3780	111 
3781	319 
3782	340 
3783	356 
3784	139 
3785	202 
3786	3 
3787	250 
3788	122 
3789	289 
3790	203 
3791	201 
3792	151 
3793	95 
3794	316 
3795	363 
3796	208 
3797	272 
3798	241 
3799	40 
3800	142 
3801	19 
3802	341 
3803	277 
3804	199 
3805	315 
3806	132 
3807	300 
3808	152 
3809	371 
3810	298 
3811	117 
3812	315 
3813	7 
3814	303 
3815	296 
3816	208 
3817	374 
3818	153 
3819	319 
3820	131 
3821	158 
3822	262 
3823	192 
3824	263 
3825	3 
3826	362 
3827	31 
3828	97 
3829	252 
3830	64 
3831	211 
3832	187 
3833	342 
3834	198 
3835	4 
3836	200 
3837	211 
3838	245 
3839	6 
3840	185 
3841	50 
3842	379 
3843	290 
3844	150 
3845	184 
3846	385 
3847	79 
3848	128 
3849	378 
3850	64 
3851	361 
3852	185 
3853	257 
3854	9 
3855	345 
3856	113 
3857	314 
3858	354 
3859	329 
3860	104 
3861	199 
3862	324 
3863	114 
3864	64 
3865	6 
3866	384 
3867	71 
3868	388 
3869	307 
3870	359 
3871	121 
3872	377 
3873	333 
3874	32 
3875	153 
3876	70 
3877	154 
3878	302 
3879	148 
3880	21 
3881	64 
3882	132 
3883	129 
3884	242 
3885	155 
3886	174 
3887	164 
3888	318 
3889	213 
3890	97 
3891	55 
3892	82 
3893	277 
3894	252 
3895	364 
3896	252 
3897	322 
3898	112 
3899	263 
3900	281 
3901	257 
3902	9 
3903	97 
3904	3 
3905	19 
3906	167 
3907	341 
3908	287 
3909	114 
3910	138 
3911	50 
3912	349 
3913	64 
3914	248 
3915	362 
3916	78 
3917	286 
3918	257 
3919	359 
3920	367 
3921	55 
3922	228 
3923	165 
3924	41 
3925	30 
3926	112 
3927	331 
3928	61 
3929	335 
3930	322 
3931	13 
3932	134 
3933	254 
3934	340 
3935	257 
3936	384 
3937	316 
3938	114 
3939	313 
3940	25 
3941	355 
3942	18 
3943	130 
3944	272 
3945	326 
3946	213 
3947	155 
3948	180 
3949	340 
3950	240 
3951	319 
3952	114 
3953	130 
3954	331 
3955	30 
3956	180 
3957	302 
3958	289 
3959	204 
3960	298 
3961	340 
3962	112 
3963	211 
3964	165 
3965	325 
3966	221 
3967	42 
3968	375 
3969	23 
3970	263 
3971	174 
3972	226 
3973	390 
3974	211 
3975	342 
3976	200 
3977	82 
3978	235 
3979	372 
3980	332 
3981	206 
3982	84 
3983	64 
3984	18 
3985	258 
3986	146 
3987	378 
3988	233 
3989	389 
3990	2 
3991	187 
3992	253 
3993	249 
3994	172 
3995	248 
3996	263 
3997	268 
3998	214 
3999	31 
4000	262 
4001	208 
4002	352 
4003	381 
4004	180 
4005	204 
4006	48 
4007	5 
4008	64 
4009	146 
4010	148 
4011	21 
4012	233 
4013	113 
4014	245 
4015	355 
4016	96 
4017	3 
4018	143 
4019	56 
4020	187 
4021	268 
4022	356 
4023	23 
4024	349 
4025	199 
4026	322 
4027	152 
4028	361 
4029	132 
4030	134 
4031	122 
4032	97 
4033	349 
4034	363 
4035	172 
4036	94 
4037	290 
4038	6 
4039	306 
4040	262 
4041	22 
4042	286 
4043	213 
4044	335 
4045	345 
4046	327 
4047	192 
4048	138 
4049	228 
4050	47 
4051	267 
4052	39 
4053	102 
4054	298 
4055	58 
4056	21 
4057	1 
4058	117 
4059	181 
4060	378 
4061	210 
4062	10 
4063	262 
4064	98 
4065	349 
4066	222 
4067	82 
4068	200 
4069	59 
4070	199 
4071	378 
4072	289 
4073	79 
4074	21 
4075	22 
4076	128 
4077	263 
4078	367 
4079	187 
4080	180 
4081	101 
4082	147 
4083	316 
4084	134 
4085	354 
4086	240 
4087	55 
4088	208 
4089	338 
4090	354 
4091	351 
4092	277 
4093	173 
4094	378 
4095	385 
4096	165 
4097	58 
4098	5 
4099	116 
4100	242 
4101	28 
4102	80 
4103	217 
4104	120 
4105	272 
4106	200 
4107	231 
4108	279 
4109	182 
4110	253 
4111	385 
4112	209 
4113	331 
4114	27 
4115	338 
4116	112 
4117	245 
4118	239 
4119	117 
4120	141 
4121	154 
4122	186 
4123	355 
4124	140 
4125	100 
4126	200 
4127	344 
4128	211 
4129	379 
4130	112 
4131	178 
4132	134 
4133	182 
4134	132 
4135	204 
4136	245 
4137	328 
4138	215 
4139	122 
4140	188 
4141	50 
4142	183 
4143	71 
4144	391 
4145	198 
4146	228 
4147	165 
4148	154 
4149	217 
4150	314 
4151	184 
4152	307 
4153	208 
4154	373 
4155	30 
4156	363 
4157	188 
4158	381 
4159	168 
4160	125 
4161	85 
4162	113 
4163	347 
4164	298 
4165	204 
4166	208 
4167	1 
4168	99 
4169	178 
4170	190 
4171	290 
4172	211 
4173	35 
4174	207 
4175	88 
4176	101 
4177	113 
4178	269 
4179	315 
4180	345 
4181	58 
4182	214 
4183	163 
4184	340 
4185	1 
4186	248 
4187	258 
4188	79 
4189	195 
4190	269 
4191	180 
4192	180 
4193	206 
4194	3 
4195	388 
4196	118 
4197	194 
4198	155 
4199	298 
4200	117 
4201	206 
4202	217 
4203	120 
4204	341 
4205	218 
4206	319 
4207	135 
4208	203 
4209	180 
4210	30 
4211	180 
4212	269 
4213	130 
4214	324 
4215	205 
4216	176 
4217	263 
4218	351 
4219	388 
4220	155 
4221	385 
4222	64 
4223	351 
4224	324 
4225	340 
4226	381 
4227	257 
4228	252 
4229	324 
4230	178 
4231	148 
4232	113 
4233	287 
4234	229 
4235	165 
4236	114 
4237	204 
4238	109 
4239	309 
4240	180 
4241	9 
4242	187 
4243	315 
4244	213 
4245	267 
4246	121 
4247	180 
4248	189 
4249	4 
4250	330 
4251	391 
4252	202 
4253	17 
4254	71 
4255	264 
4256	21 
4257	130 
4258	233 
4259	227 
4260	318 
4261	213 
4262	215 
4263	148 
4264	61 
4265	261 
4266	4 
4267	328 
4268	257 
4269	166 
4270	331 
4271	346 
4272	240 
4273	93 
4274	165 
4275	79 
4276	148 
4277	130 
4278	27 
4279	88 
4280	298 
4281	107 
4282	307 
4283	298 
4284	109 
4285	362 
4286	354 
4287	213 
4288	198 
4289	199 
4290	198 
4291	378 
4292	321 
4293	290 
4294	384 
4295	82 
4296	315 
4297	316 
4298	269 
4299	88 
4300	165 
4301	67 
4302	31 
4303	165 
4304	153 
4305	360 
4306	132 
4307	165 
4308	122 
4309	213 
4310	134 
4311	270 
4312	132 
4313	242 
4314	357 
4315	200 
4316	355 
4317	342 
4318	286 
4319	361 
4320	211 
4321	291 
4322	319 
4323	157 
4324	117 
4325	185 
4326	87 
4327	75 
4328	117 
4329	185 
4330	1 
4331	340 
4332	320 
4333	135 
4334	388 
4335	211 
4336	306 
4337	215 
4338	303 
4339	52 
4340	97 
4341	262 
4342	178 
4343	134 
4344	286 
4345	214 
4346	155 
4347	10 
4348	249 
4349	15 
4350	335 
4351	344 
4352	9 
4353	293 
4354	370 
4355	113 
4356	245 
4357	201 
4358	357 
4359	196 
4360	316 
4361	44 
4362	58 
4363	154 
4364	158 
4365	349 
4366	138 
4367	245 
4368	198 
4369	349 
4370	267 
4371	168 
4372	204 
4373	249 
4374	354 
4375	25 
4376	306 
4377	170 
4378	168 
4379	290 
4380	124 
4381	251 
4382	258 
4383	27 
4384	387 
4385	222 
4386	237 
4387	129 
4388	114 
4389	258 
4390	134 
4391	307 
4392	223 
4393	226 
4394	267 
4395	152 
4396	71 
4397	268 
4398	47 
4399	217 
4400	269 
4401	3 
4402	128 
4403	117 
4404	215 
4405	10 
4406	245 
4407	363 
4408	79 
4409	324 
4410	35 
4411	370 
4412	192 
4413	386 
4414	109 
4415	321 
4416	335 
4417	333 
4418	268 
4419	245 
4420	105 
4421	72 
4422	301 
4423	185 
4424	248 
4425	258 
4426	170 
4427	214 
4428	260 
4429	72 
4430	56 
4431	47 
4432	208 
4433	261 
4434	361 
4435	185 
4436	30 
4437	101 
4438	129 
4439	241 
4440	25 
4441	339 
4442	388 
4443	127 
4444	155 
4445	338 
4446	204 
4447	303 
4448	385 
4449	334 
4450	361 
4451	366 
4452	114 
4453	378 
4454	41 
4455	46 
4456	195 
4457	213 
4458	368 
4459	315 
4460	82 
4461	377 
4462	233 
4463	1 
4464	61 
4465	5 
4466	298 
4467	9 
4468	165 
4469	109 
4470	21 
4471	9 
4472	22 
4473	270 
4474	136 
4475	6 
4476	269 
4477	349 
4478	151 
4479	202 
4480	47 
4481	151 
4482	211 
4483	12 
4484	66 
4485	28 
4486	21 
4487	293 
4488	361 
4489	304 
4490	305 
4491	151 
4492	150 
4493	79 
4494	298 
4495	263 
4496	125 
4497	47 
4498	228 
4499	272 
4500	306 
4501	220 
4502	86 
4503	245 
4504	382 
4505	131 
4506	277 
4507	262 
4508	169 
4509	86 
4510	3 
4511	363 
4512	200 
4513	349 
4514	385 
4515	9 
4516	385 
4517	97 
4518	257 
4519	50 
4520	168 
4521	114 
4522	272 
4523	113 
4524	322 
4525	343 
4526	393 
4527	301 
4528	132 
4529	97 
4530	356 
4531	384 
4532	324 
4533	349 
4534	181 
4535	249 
4536	260 
4537	343 
4538	155 
4539	151 
4540	281 
4541	57 
4542	114 
4543	138 
4544	309 
4545	106 
4546	82 
4547	71 
4548	66 
4549	214 
4550	197 
4551	281 
4552	233 
4553	155 
4554	241 
4555	388 
4556	252 
4557	226 
4558	254 
4559	236 
4560	192 
4561	30 
4562	336 
4563	223 
4564	184 
4565	10 
4566	354 
4567	134 
4568	231 
4569	62 
4570	298 
4571	268 
4572	26 
4573	345 
4574	185 
4575	3 
4576	311 
4577	151 
4578	363 
4579	293 
4580	319 
4581	182 
4582	248 
4583	340 
4584	97 
4585	211 
4586	187 
4587	290 
4588	215 
4589	31 
4590	240 
4591	378 
4592	354 
4593	184 
4594	321 
4595	320 
4596	289 
4597	353 
4598	83 
4599	237 
4600	258 
4601	2 
4602	315 
4603	142 
4604	180 
4605	3 
4606	345 
4607	316 
4608	188 
4609	25 
4610	295 
4611	184 
4612	225 
4613	348 
4614	153 
4615	185 
4616	10 
4617	249 
4618	178 
4619	324 
4620	363 
4621	258 
4622	339 
4623	172 
4624	235 
4625	257 
4626	311 
4627	210 
4628	185 
4629	25 
4630	339 
4631	113 
4632	304 
4633	138 
4634	134 
4635	354 
4636	146 
4637	213 
4638	327 
4639	321 
4640	255 
4641	38 
4642	306 
4643	117 
4644	69 
4645	211 
4646	217 
4647	114 
4648	88 
4649	385 
4650	328 
4651	90 
4652	270 
4653	297 
4654	56 
4655	30 
4656	233 
4657	1 
4658	231 
4659	222 
4660	342 
4661	52 
4662	257 
4663	155 
4664	206 
4665	240 
4666	321 
4667	245 
4668	188 
4669	58 
4670	357 
4671	41 
4672	199 
4673	101 
4674	134 
4675	45 
4676	1 
4677	3 
4678	86 
4679	153 
4680	94 
4681	184 
4682	133 
4683	230 
4684	258 
4685	3 
4686	283 
4687	213 
4688	324 
4689	387 
4690	198 
4691	315 
4692	282 
4693	124 
4694	234 
4695	178 
4696	289 
4697	189 
4698	161 
4699	138 
4700	10 
4701	240 
4702	96 
4703	383 
4704	154 
4705	294 
4706	138 
4707	21 
4708	88 
4709	287 
4710	342 
4711	295 
4712	97 
4713	349 
4714	136 
4715	323 
4716	329 
4717	295 
4718	101 
4719	301 
4720	44 
4721	134 
4722	202 
4723	184 
4724	148 
4725	69 
4726	319 
4727	315 
4728	309 
4729	3 
4730	151 
4731	219 
4732	214 
4733	47 
4734	233 
4735	178 
4736	379 
4737	185 
4738	130 
4739	324 
4740	54 
4741	180 
4742	213 
4743	225 
4744	188 
4745	285 
4746	322 
4747	236 
4748	319 
4749	115 
4750	204 
4751	101 
4752	286 
4753	8 
4754	170 
4755	69 
4756	79 
4757	212 
4758	21 
4759	352 
4760	124 
4761	100 
4762	165 
4763	67 
4764	319 
4765	241 
4766	285 
4767	198 
4768	339 
4769	386 
4770	270 
4771	107 
4772	25 
4773	9 
4774	101 
4775	102 
4776	213 
4777	30 
4778	115 
4779	221 
4780	349 
4781	154 
4782	154 
4783	354 
4784	319 
4785	287 
4786	79 
4787	171 
4788	188 
4789	215 
4790	38 
4791	82 
4792	82 
4793	10 
4794	86 
4795	97 
4796	204 
4797	318 
4798	217 
4799	202 
4800	79 
4801	212 
4802	276 
4803	388 
4804	203 
4805	223 
4806	145 
4807	245 
4808	240 
4809	196 
4810	137 
4811	296 
4812	106 
4813	34 
4814	325 
4815	190 
4816	287 
4817	355 
4818	228 
4819	142 
4820	199 
4821	168 
4822	28 
4823	170 
4824	214 
4825	342 
4826	254 
4827	292 
4828	7 
4829	25 
4830	348 
4831	211 
4832	171 
4833	116 
4834	101 
4835	128 
4836	340 
4837	116 
4838	315 
4839	3 
4840	96 
4841	32 
4842	331 
4843	233 
4844	9 
4845	263 
4846	290 
4847	136 
4848	151 
4849	307 
4850	177 
4851	62 
4852	230 
4853	148 
4854	178 
4855	21 
4856	43 
4857	278 
4858	349 
4859	151 
4860	340 
4861	13 
4862	340 
4863	7 
4864	340 
4865	335 
4866	242 
4867	119 
4868	378 
4869	287 
4870	384 
4871	253 
4872	340 
4873	274 
4874	122 
4875	44 
4876	290 
4877	239 
4878	154 
4879	241 
4880	134 
4881	140 
4882	349 
4883	1 
4884	385 
4885	340 
4886	258 
4887	369 
4888	109 
4889	79 
4890	178 
4891	84 
4892	23 
4893	199 
4894	233 
4895	130 
4896	272 
4897	56 
4898	234 
4899	82 
4900	268 
4901	363 
4902	330 
4903	330 
4904	134 
4905	73 
4906	154 
4907	88 
4908	168 
4909	17 
4910	217 
4911	66 
4912	154 
4913	79 
4914	262 
4915	354 
4916	325 
4917	208 
4918	390 
4919	268 
4920	180 
4921	117 
4922	178 
4923	13 
4924	101 
4925	151 
4926	3 
4927	10 
4928	39 
4929	322 
4930	339 
4931	229 
4932	303 
4933	124 
4934	359 
4935	268 
4936	84 
4937	206 
4938	180 
4939	139 
4940	148 
4941	114 
4942	335 
4943	222 
4944	154 
4945	254 
4946	269 
4947	221 
4948	389 
4949	185 
4950	270 
4951	388 
4952	86 
4953	279 
4954	215 
4955	319 
4956	180 
4957	376 
4958	130 
4959	362 
4960	138 
4961	88 
4962	213 
4963	153 
4964	316 
4965	104 
4966	335 
4967	39 
4968	21 
4969	130 
4970	165 
4971	82 
4972	102 
4973	129 
4974	386 
4975	114 
4976	215 
4977	376 
4978	357 
4979	196 
4980	53 
4981	390 
4982	147 
4983	377 
4984	391 
4985	298 
4986	272 
4987	41 
4988	342 
4989	226 
4990	140 
4991	268 
4992	71 
4993	388 
4994	386 
4995	23 
4996	110 
4997	307 
4998	13 
4999	129 
5000	233 
5001	362 
5002	384 
5003	61 
5004	102 
5005	10 
5006	390 
5007	155 
5008	58 
5009	298 
5010	44 
5011	154 
5012	130 
5013	349 
5014	290 
5015	19 
5016	259 
5017	294 
5018	289 
5019	132 
5020	6 
5021	364 
5022	21 
5023	13 
5024	258 
5025	128 
5026	319 
5027	240 
5028	384 
5029	341 
5030	79 
5031	1 
5032	97 
5033	201 
5034	307 
5035	361 
5036	148 
5037	349 
5038	198 
5039	229 
5040	1 
5041	375 
5042	254 
5043	144 
5044	298 
5045	319 
5046	56 
5047	384 
5048	321 
5049	112 
5050	117 
5051	64 
5052	97 
5053	180 
5054	269 
5055	220 
5056	387 
5057	131 
5058	212 
5059	262 
5060	217 
5061	319 
5062	68 
5063	115 
5064	47 
5065	250 
5066	315 
5067	44 
5068	117 
5069	339 
5070	253 
5071	151 
5072	379 
5073	13 
5074	40 
5075	166 
5076	128 
5077	172 
5078	363 
5079	204 
5080	1 
5081	124 
5082	9 
5083	317 
5084	213 
5085	61 
5086	184 
5087	88 
5088	58 
5089	233 
5090	203 
5091	329 
5092	51 
5093	200 
5094	165 
5095	315 
5096	41 
5097	252 
5098	198 
5099	76 
5100	354 
5101	339 
5102	333 
5103	331 
5104	101 
5105	241 
5106	198 
5107	19 
5108	254 
5109	185 
5110	132 
5111	217 
5112	23 
5113	165 
5114	208 
5115	349 
5116	57 
5117	46 
5118	51 
5119	352 
5120	215 
5121	134 
5122	147 
5123	115 
5124	112 
5125	349 
5126	114 
5127	116 
5128	182 
5129	165 
5130	274 
5131	354 
5132	185 
5133	198 
5134	320 
5135	250 
5136	140 
5137	342 
5138	351 
5139	19 
5140	344 
5141	88 
5142	342 
5143	220 
5144	148 
5145	90 
5146	180 
5147	354 
5148	323 
5149	180 
5150	235 
5151	9 
5152	182 
5153	88 
5154	121 
5155	261 
5156	324 
5157	47 
5158	362 
5159	363 
5160	239 
5161	192 
5162	142 
5163	9 
5164	272 
5165	154 
5166	128 
5167	3 
5168	27 
5169	319 
5170	298 
5171	353 
5172	30 
5173	97 
5174	110 
5175	150 
5176	63 
5177	52 
5178	100 
5179	96 
5180	268 
5181	333 
5182	335 
5183	188 
5184	272 
5185	131 
5186	249 
5187	258 
5188	305 
5189	56 
5190	305 
5191	328 
5192	215 
5193	188 
5194	262 
5195	185 
5196	11 
5197	64 
5198	100 
5199	286 
5200	25 
5201	249 
5202	138 
5203	286 
5204	199 
5205	138 
5206	315 
5207	308 
5208	186 
5209	182 
5210	317 
5211	32 
5212	345 
5213	392 
5214	316 
5215	138 
5216	48 
5217	349 
5218	117 
5219	92 
5220	249 
5221	176 
5222	329 
5223	341 
5224	363 
5225	377 
5226	78 
5227	64 
5228	120 
5229	25 
5230	297 
5231	204 
5232	392 
5233	340 
5234	151 
5235	273 
5236	374 
5237	168 
5238	88 
5239	252 
5240	315 
5241	257 
5242	137 
5243	153 
5244	240 
5245	47 
5246	296 
5247	172 
5248	289 
5249	71 
5250	253 
5251	229 
5252	9 
5253	170 
5254	132 
5255	382 
5256	92 
5257	113 
5258	228 
5259	333 
5260	98 
5261	180 
5262	256 
5263	28 
5264	259 
5265	199 
5266	168 
5267	167 
5268	100 
5269	363 
5270	204 
5271	161 
5272	87 
5273	25 
5274	258 
5275	134 
5276	341 
5277	340 
5278	333 
5279	327 
5280	97 
5281	381 
5282	228 
5283	309 
5284	204 
5285	73 
5286	249 
5287	38 
5288	151 
5289	268 
5290	121 
5291	348 
5292	36 
5293	150 
5294	362 
5295	371 
5296	254 
5297	213 
5298	354 
5299	252 
5300	248 
5301	357 
5302	232 
5303	163 
5304	38 
5305	316 
5306	358 
5307	331 
5308	88 
5309	215 
5310	305 
5311	182 
5312	319 
5313	387 
5314	65 
5315	339 
5316	168 
5317	213 
5318	68 
5319	284 
5320	305 
5321	204 
5322	178 
5323	41 
5324	307 
5325	298 
5326	386 
5327	354 
5328	263 
5329	131 
5330	107 
5331	186 
5332	133 
5333	30 
5334	78 
5335	307 
5336	345 
5337	252 
5338	383 
5339	217 
5340	175 
5341	210 
5342	112 
5343	205 
5344	128 
5345	165 
5346	386 
5347	357 
5348	78 
5349	154 
5350	9 
5351	155 
5352	253 
5353	354 
5354	252 
5355	205 
5356	178 
5357	150 
5358	10 
5359	27 
5360	213 
5361	21 
5362	335 
5363	130 
5364	231 
5365	313 
5366	32 
5367	193 
5368	266 
5369	206 
5370	226 
5371	41 
5372	213 
5373	84 
5374	89 
5375	240 
5376	96 
5377	196 
5378	168 
5379	286 
5380	3 
5381	262 
5382	72 
5383	185 
5384	345 
5385	82 
5386	376 
5387	214 
5388	349 
5389	204 
5390	100 
5391	59 
5392	13 
5393	225 
5394	362 
5395	207 
5396	302 
5397	94 
5398	245 
5399	175 
5400	97 
5401	132 
5402	23 
5403	184 
5404	378 
5405	25 
5406	1 
5407	117 
5408	178 
5409	362 
5410	134 
5411	34 
5412	180 
5413	2 
5414	152 
5415	303 
5416	213 
5417	10 
5418	80 
5419	349 
5420	13 
5421	208 
5422	104 
5423	42 
5424	196 
5425	107 
5426	1 
5427	154 
5428	202 
5429	324 
5430	114 
5431	307 
5432	286 
5433	138 
5434	198 
5435	10 
5436	367 
5437	34 
5438	130 
5439	160 
5440	377 
5441	226 
5442	270 
5443	257 
5444	344 
5445	392 
5446	392 
5447	38 
5448	265 
5449	278 
5450	321 
5451	88 
5452	295 
5453	186 
5454	55 
5455	163 
5456	79 
5457	104 
5458	378 
5459	298 
5460	206 
5461	392 
5462	329 
5463	155 
5464	348 
5465	129 
5466	77 
5467	212 
5468	302 
5469	80 
5470	176 
5471	250 
5472	315 
5473	58 
5474	233 
5475	315 
5476	184 
5477	328 
5478	74 
5479	268 
5480	84 
5481	154 
5482	287 
5483	242 
5484	9 
5485	151 
5486	319 
5487	240 
5488	272 
5489	388 
5490	354 
5491	332 
5492	167 
5493	97 
5494	229 
5495	339 
5496	331 
5497	10 
5498	112 
5499	178 
5500	257 
5501	268 
5502	307 
5503	204 
5504	273 
5505	318 
5506	298 
5507	322 
5508	387 
5509	9 
5510	357 
5511	361 
5512	225 
5513	192 
5514	163 
5515	249 
5516	7 
5517	354 
5518	137 
5519	268 
5520	214 
5521	61 
5522	268 
5523	109 
5524	88 
5525	138 
5526	131 
5527	10 
5528	168 
5529	315 
5530	113 
5531	19 
5532	130 
5533	145 
5534	324 
5535	382 
5536	214 
5537	42 
5538	131 
5539	362 
5540	347 
5541	248 
5542	117 
5543	196 
5544	25 
5545	242 
5546	304 
5547	165 
5548	9 
5549	274 
5550	144 
5551	196 
5552	30 
5553	15 
5554	342 
5555	354 
5556	344 
5557	245 
5558	339 
5559	183 
5560	9 
5561	71 
5562	21 
5563	112 
5564	227 
5565	390 
5566	298 
5567	230 
5568	213 
5569	106 
5570	185 
5571	121 
5572	171 
5573	235 
5574	53 
5575	209 
5576	231 
5577	262 
5578	3 
5579	172 
5580	226 
5581	272 
5582	248 
5583	388 
5584	388 
5585	298 
5586	257 
5587	297 
5588	88 
5589	166 
5590	113 
5591	328 
5592	202 
5593	128 
5594	82 
5595	35 
5596	239 
5597	245 
5598	250 
5599	14 
5600	214 
5601	81 
5602	97 
5603	344 
5604	269 
5605	233 
5606	30 
5607	381 
5608	19 
5609	281 
5610	213 
5611	140 
5612	363 
5613	233 
5614	106 
5615	253 
5616	112 
5617	169 
5618	298 
5619	354 
5620	168 
5621	47 
5622	385 
5623	134 
5624	361 
5625	202 
5626	90 
5627	5 
5628	342 
5629	60 
5630	211 
5631	372 
5632	280 
5633	129 
5634	258 
5635	282 
5636	315 
5637	113 
5638	378 
5639	226 
5640	160 
5641	250 
5642	122 
5643	101 
5644	253 
5645	153 
5646	154 
5647	321 
5648	208 
5649	131 
5650	228 
5651	357 
5652	307 
5653	185 
5654	114 
5655	204 
5656	257 
5657	354 
5658	115 
5659	15 
5660	1 
5661	200 
5662	272 
5663	321 
5664	44 
5665	215 
5666	165 
5667	231 
5668	21 
5669	269 
5670	249 
5671	155 
5672	362 
5673	124 
5674	312 
5675	324 
5676	41 
5677	211 
5678	272 
5679	248 
5680	88 
5681	241 
5682	4 
5683	378 
5684	268 
5685	7 
5686	362 
5687	327 
5688	23 
5689	245 
5690	257 
5691	88 
5692	6 
5693	47 
5694	327 
5695	319 
5696	123 
5697	340 
5698	331 
5699	245 
5700	329 
5701	4 
5702	257 
5703	233 
5704	345 
5705	204 
5706	186 
5707	114 
5708	142 
5709	335 
5710	298 
5711	272 
5712	10 
5713	319 
5714	258 
5715	168 
5716	319 
5717	134 
5718	327 
5719	130 
5720	345 
5721	233 
5722	206 
5723	148 
5724	355 
5725	152 
5726	240 
5727	121 
5728	268 
5729	55 
5730	204 
5731	283 
5732	71 
5733	240 
5734	88 
5735	199 
5736	339 
5737	165 
5738	154 
5739	231 
5740	127 
5741	188 
5742	115 
5743	132 
5744	38 
5745	9 
5746	263 
5747	340 
5748	157 
5749	36 
5750	316 
5751	169 
5752	25 
5753	87 
5754	168 
5755	110 
5756	30 
5757	28 
5758	213 
5759	198 
5760	21 
5761	215 
5762	1 
5763	263 
5764	277 
5765	5 
5766	221 
5767	233 
5768	153 
5769	231 
5770	211 
5771	252 
5772	229 
5773	37 
5774	340 
5775	240 
5776	146 
5777	64 
5778	172 
5779	86 
5780	215 
5781	117 
5782	38 
5783	62 
5784	377 
5785	208 
5786	211 
5787	215 
5788	248 
5789	213 
5790	9 
5791	250 
5792	129 
5793	385 
5794	349 
5795	315 
5796	132 
5797	277 
5798	348 
5799	89 
5800	215 
5801	349 
5802	155 
5803	130 
5804	355 
5805	384 
5806	98 
5807	378 
5808	221 
5809	185 
5810	371 
5811	385 
5812	363 
5813	83 
5814	349 
5815	385 
5816	198 
5817	211 
5818	349 
5819	100 
5820	331 
5821	101 
5822	154 
5823	348 
5824	23 
5825	258 
5826	8 
5827	215 
5828	327 
5829	362 
5830	32 
5831	198 
5832	138 
5833	257 
5834	132 
5835	120 
5836	64 
5837	158 
5838	62 
5839	269 
5840	62 
5841	387 
5842	21 
5843	362 
5844	286 
5845	73 
5846	362 
5847	151 
5848	225 
5849	180 
5850	366 
5851	189 
5852	19 
5853	173 
5854	242 
5855	3 
5856	303 
5857	71 
5858	154 
5859	199 
5860	364 
5861	74 
5862	388 
5863	363 
5864	347 
5865	219 
5866	384 
5867	327 
5868	64 
5869	255 
5870	328 
5871	41 
5872	213 
5873	319 
5874	110 
5875	281 
5876	134 
5877	354 
5878	320 
5879	174 
5880	215 
5881	388 
5882	287 
5883	384 
5884	71 
5885	178 
5886	226 
5887	213 
5888	361 
5889	9 
5890	64 
5891	301 
5892	30 
5893	5 
5894	13 
5895	258 
5896	103 
5897	273 
5898	155 
5899	97 
5900	339 
5901	148 
5902	3 
5903	5 
5904	257 
5905	222 
5906	10 
5907	354 
5908	157 
5909	250 
5910	58 
5911	356 
5912	104 
5913	154 
5914	258 
5915	168 
5916	335 
5917	152 
5918	143 
5919	208 
5920	108 
5921	298 
5922	88 
5923	301 
5924	239 
5925	235 
5926	154 
5927	199 
5928	254 
5929	126 
5930	56 
5931	312 
5932	165 
5933	63 
5934	88 
5935	30 
5936	388 
5937	10 
5938	97 
5939	134 
5940	26 
5941	21 
5942	361 
5943	74 
5944	129 
5945	178 
5946	44 
5947	381 
5948	311 
5949	187 
5950	164 
5951	254 
5952	212 
5953	231 
5954	324 
5955	155 
5956	345 
5957	25 
5958	217 
5959	9 
5960	349 
5961	10 
5962	142 
5963	222 
5964	185 
5965	359 
5966	128 
5967	317 
5968	168 
5969	361 
5970	76 
5971	340 
5972	351 
5973	339 
5974	258 
5975	155 
5976	199 
5977	8 
5978	252 
5979	206 
5980	5 
5981	160 
5982	290 
5983	79 
5984	367 
5985	10 
5986	315 
5987	340 
5988	138 
5989	344 
5990	252 
5991	39 
5992	199 
5993	38 
5994	254 
5995	20 
5996	96 
5997	278 
5998	252 
5999	101 
6000	208 
6001	211 
6002	170 
6003	25 
6004	23 
6005	101 
6006	324 
6007	21 
6008	387 
6009	134 
6010	342 
6011	339 
6012	252 
6013	81 
6014	204 
6015	30 
6016	138 
6017	229 
6018	339 
6019	215 
6020	32 
6021	258 
6022	245 
6023	174 
6024	134 
6025	7 
6026	15 
6027	140 
6028	277 
6029	207 
6030	155 
6031	265 
6032	342 
6033	165 
6034	138 
6035	28 
6036	324 
6037	107 
6038	377 
6039	3 
6040	153 
6041	100 
6042	79 
6043	79 
6044	132 
6045	138 
6046	311 
6047	290 
6048	3 
6049	188 
6050	9 
6051	177 
6052	249 
6053	387 
6054	295 
6055	165 
6056	31 
6057	1 
6058	206 
6059	249 
6060	55 
6061	315 
6062	245 
6063	123 
6064	151 
6065	211 
6066	213 
6067	290 
6068	306 
6069	226 
6070	389 
6071	304 
6072	233 
6073	28 
6074	23 
6075	267 
6076	268 
6077	58 
6078	204 
6079	155 
6080	217 
6081	124 
6082	146 
6083	360 
6084	63 
6085	240 
6086	283 
6087	352 
6088	217 
6089	248 
6090	88 
6091	289 
6092	340 
6093	322 
6094	307 
6095	264 
6096	124 
6097	96 
6098	59 
6099	79 
6100	71 
6101	360 
6102	363 
6103	51 
6104	251 
6105	324 
6106	185 
6107	357 
6108	225 
6109	340 
6110	1 
6111	32 
6112	113 
6113	345 
6114	385 
6115	336 
6116	1 
6117	100 
6118	97 
6119	185 
6120	85 
6121	5 
6122	128 
6123	392 
6124	331 
6125	41 
6126	215 
6127	2 
6128	101 
6129	132 
6130	208 
6131	23 
6132	233 
6133	58 
6134	300 
6135	241 
6136	154 
6137	11 
6138	295 
6139	53 
6140	316 
6141	180 
6142	257 
6143	129 
6144	327 
6145	248 
6146	225 
6147	254 
6148	263 
6149	340 
6150	110 
6151	148 
6152	112 
6153	258 
6154	351 
6155	168 
6156	254 
6157	231 
6158	381 
6159	130 
6160	143 
6161	257 
6162	204 
6163	247 
6164	222 
6165	245 
6166	269 
6167	106 
6168	220 
6169	6 
6170	1 
6171	303 
6172	352 
6173	200 
6174	88 
6175	340 
6176	204 
6177	80 
6178	88 
6179	110 
6180	272 
6181	339 
6182	340 
6183	263 
6184	353 
6185	5 
6186	290 
6187	200 
6188	392 
6189	132 
6190	147 
6191	56 
6192	134 
6193	30 
6194	9 
6195	325 
6196	388 
6197	19 
6198	322 
6199	128 
6200	199 
6201	134 
6202	335 
6203	37 
6204	113 
6205	338 
6206	318 
6207	363 
6208	79 
6209	281 
6210	349 
6211	226 
6212	154 
6213	151 
6214	111 
6215	114 
6216	158 
6217	60 
6218	301 
6219	220 
6220	154 
6221	285 
6222	4 
6223	233 
6224	109 
6225	102 
6226	187 
6227	148 
6228	278 
6229	227 
6230	204 
6231	184 
6232	227 
6233	97 
6234	84 
6235	172 
6236	316 
6237	134 
6238	21 
6239	225 
6240	13 
6241	167 
6242	172 
6243	212 
6244	382 
6245	258 
6246	319 
6247	208 
6248	166 
6249	47 
6250	109 
6251	263 
6252	200 
6253	352 
6254	254 
6255	378 
6256	349 
6257	321 
6258	387 
6259	222 
6260	85 
6261	14 
6262	240 
6263	385 
6264	58 
6265	295 
6266	128 
6267	131 
6268	390 
6269	285 
6270	391 
6271	221 
6272	245 
6273	153 
6274	364 
6275	342 
6276	161 
6277	13 
6278	229 
6279	213 
6280	20 
6281	307 
6282	165 
6283	344 
6284	381 
6285	204 
6286	386 
6287	231 
6288	226 
6289	138 
6290	240 
6291	132 
6292	185 
6293	258 
6294	377 
6295	341 
6296	180 
6297	131 
6298	130 
6299	154 
6300	78 
6301	101 
6302	6 
6303	6 
6304	151 
6305	229 
6306	155 
6307	269 
6308	377 
6309	21 
6310	169 
6311	204 
6312	305 
6313	249 
6314	233 
6315	101 
6316	154 
6317	22 
6318	233 
6319	63 
6320	7 
6321	155 
6322	106 
6323	342 
6324	286 
6325	213 
6326	109 
6327	180 
6328	294 
6329	168 
6330	333 
6331	120 
6332	289 
6333	380 
6334	229 
6335	339 
6336	196 
6337	187 
6338	257 
6339	182 
6340	263 
6341	13 
6342	252 
6343	268 
6344	257 
6345	249 
6346	117 
6347	109 
6348	269 
6349	91 
6350	388 
6351	9 
6352	242 
6353	32 
6354	88 
6355	267 
6356	354 
6357	185 
6358	372 
6359	14 
6360	322 
6361	254 
6362	154 
6363	349 
6364	217 
6365	250 
6366	44 
6367	59 
6368	254 
6369	261 
6370	266 
6371	47 
6372	100 
6373	107 
6374	30 
6375	30 
6376	307 
6377	188 
6378	200 
6379	110 
6380	311 
6381	257 
6382	342 
6383	233 
6384	138 
6385	29 
6386	277 
6387	13 
6388	249 
6389	208 
6390	196 
6391	345 
6392	310 
6393	254 
6394	32 
6395	320 
6396	235 
6397	25 
6398	187 
6399	211 
6400	142 
6401	257 
6402	240 
6403	309 
6404	307 
6405	295 
6406	154 
6407	387 
6408	182 
6409	6 
6410	226 
6411	31 
6412	322 
6413	226 
6414	32 
6415	98 
6416	195 
6417	130 
6418	228 
6419	215 
6420	115 
6421	365 
6422	21 
6423	319 
6424	12 
6425	219 
6426	80 
6427	319 
6428	286 
6429	63 
6430	30 
6431	145 
6432	298 
6433	71 
6434	202 
6435	151 
6436	141 
6437	132 
6438	21 
6439	170 
6440	151 
6441	23 
6442	47 
6443	257 
6444	378 
6445	3 
6446	78 
6447	385 
6448	331 
6449	321 
6450	328 
6451	222 
6452	80 
6453	349 
6454	386 
6455	151 
6456	321 
6457	240 
6458	103 
6459	131 
6460	180 
6461	55 
6462	196 
6463	53 
6464	1 
6465	228 
6466	206 
6467	221 
6468	92 
6469	99 
6470	329 
6471	263 
6472	32 
6473	342 
6474	64 
6475	218 
6476	62 
6477	228 
6478	245 
6479	278 
6480	25 
6481	223 
6482	240 
6483	188 
6484	186 
6485	168 
6486	245 
6487	121 
6488	27 
6489	133 
6490	44 
6491	172 
6492	154 
6493	64 
6494	92 
6495	223 
6496	56 
6497	188 
6498	225 
6499	307 
6500	114 
6501	208 
6502	198 
6503	31 
6504	153 
6505	310 
6506	379 
6507	249 
6508	169 
6509	380 
6510	264 
6511	48 
6512	257 
6513	178 
6514	306 
6515	130 
6516	378 
6517	73 
6518	134 
6519	112 
6520	10 
6521	235 
6522	64 
6523	248 
6524	70 
6525	384 
6526	137 
6527	3 
6528	55 
6529	196 
6530	64 
6531	339 
6532	319 
6533	63 
6534	291 
6535	211 
6536	53 
6537	82 
6538	221 
6539	25 
6540	82 
6541	69 
6542	385 
6543	373 
6544	130 
6545	390 
6546	25 
6547	199 
6548	252 
6549	204 
6550	80 
6551	71 
6552	347 
6553	248 
6554	272 
6555	316 
6556	329 
6557	351 
6558	227 
6559	213 
6560	106 
6561	130 
6562	281 
6563	41 
6564	259 
6565	128 
6566	5 
6567	257 
6568	315 
6569	56 
6570	345 
6571	88 
6572	338 
6573	97 
6574	260 
6575	276 
6576	388 
6577	358 
6578	1 
6579	97 
6580	122 
6581	185 
6582	165 
6583	117 
6584	198 
6585	31 
6586	213 
6587	71 
6588	286 
6589	153 
6590	82 
6591	269 
6592	324 
6593	154 
6594	378 
6595	52 
6596	254 
6597	199 
6598	304 
6599	339 
6600	13 
6601	345 
6602	286 
6603	187 
6604	260 
6605	319 
6606	325 
6607	13 
6608	234 
6609	218 
6610	153 
6611	124 
6612	230 
6613	349 
6614	249 
6615	58 
6616	117 
6617	112 
6618	63 
6619	388 
6620	21 
6621	172 
6622	262 
6623	10 
6624	4 
6625	257 
6626	47 
6627	245 
6628	88 
6629	61 
6630	249 
6631	302 
6632	303 
6633	58 
6634	151 
6635	22 
6636	198 
6637	165 
6638	354 
6639	132 
6640	70 
6641	112 
6642	229 
6643	9 
6644	392 
6645	256 
6646	25 
6647	363 
6648	206 
6649	152 
6650	240 
6651	381 
6652	235 
6653	264 
6654	138 
6655	354 
6656	289 
6657	155 
6658	354 
6659	114 
6660	166 
6661	21 
6662	80 
6663	385 
6664	378 
6665	184 
6666	112 
6667	391 
6668	290 
6669	166 
6670	240 
6671	25 
6672	384 
6673	107 
6674	339 
6675	294 
6676	218 
6677	132 
6678	352 
6679	124 
6680	165 
6681	388 
6682	109 
6683	129 
6684	213 
6685	30 
6686	258 
6687	213 
6688	384 
6689	9 
6690	254 
6691	335 
6692	101 
6693	182 
6694	213 
6695	210 
6696	106 
6697	208 
6698	281 
6699	387 
6700	62 
6701	1 
6702	30 
6703	301 
6704	324 
6705	263 
6706	155 
6707	387 
6708	1 
6709	138 
6710	344 
6711	198 
6712	239 
6713	263 
6714	258 
6715	184 
6716	286 
6717	155 
6718	349 
6719	354 
6720	9 
6721	196 
6722	276 
6723	55 
6724	249 
6725	129 
6726	245 
6727	32 
6728	188 
6729	240 
6730	284 
6731	87 
6732	349 
6733	248 
6734	132 
6735	130 
6736	298 
6737	257 
6738	112 
6739	97 
6740	207 
6741	164 
6742	79 
6743	122 
6744	172 
6745	15 
6746	311 
6747	319 
6748	257 
6749	391 
6750	235 
6751	152 
6752	70 
6753	327 
6754	185 
6755	363 
6756	185 
6757	1 
6758	122 
6759	233 
6760	198 
6761	241 
6762	303 
6763	97 
6764	84 
6765	301 
6766	106 
6767	245 
6768	102 
6769	78 
6770	130 
6771	295 
6772	97 
6773	363 
6774	307 
6775	41 
6776	349 
6777	97 
6778	324 
6779	359 
6780	117 
6781	130 
6782	302 
6783	26 
6784	233 
6785	168 
6786	214 
6787	21 
6788	262 
6789	391 
6790	184 
6791	266 
6792	184 
6793	155 
6794	228 
6795	165 
6796	240 
6797	168 
6798	152 
6799	38 
6800	30 
6801	343 
6802	258 
6803	361 
6804	324 
6805	31 
6806	278 
6807	326 
6808	342 
6809	306 
6810	311 
6811	257 
6812	345 
6813	349 
6814	365 
6815	101 
6816	178 
6817	174 
6818	214 
6819	97 
6820	215 
6821	185 
6822	130 
6823	348 
6824	356 
6825	200 
6826	8 
6827	66 
6828	364 
6829	258 
6830	185 
6831	109 
6832	272 
6833	336 
6834	336 
6835	389 
6836	114 
6837	178 
6838	141 
6839	84 
6840	338 
6841	319 
6842	328 
6843	168 
6844	338 
6845	257 
6846	326 
6847	61 
6848	20 
6849	267 
6850	233 
6851	362 
6852	1 
6853	339 
6854	340 
6855	331 
6856	363 
6857	198 
6858	86 
6859	100 
6860	354 
6861	127 
6862	262 
6863	248 
6864	205 
6865	166 
6866	185 
6867	113 
6868	110 
6869	305 
6870	298 
6871	254 
6872	58 
6873	274 
6874	338 
6875	1 
6876	388 
6877	272 
6878	289 
6879	198 
6880	211 
6881	199 
6882	32 
6883	30 
6884	7 
6885	328 
6886	281 
6887	97 
6888	307 
6889	144 
6890	328 
6891	231 
6892	321 
6893	268 
6894	54 
6895	258 
6896	363 
6897	254 
6898	248 
6899	168 
6900	138 
6901	37 
6902	53 
6903	140 
6904	239 
6905	364 
6906	354 
6907	196 
6908	140 
6909	233 
6910	103 
6911	312 
6912	62 
6913	101 
6914	252 
6915	375 
6916	302 
6917	347 
6918	32 
6919	225 
6920	349 
6921	184 
6922	200 
6923	269 
6924	197 
6925	10 
6926	237 
6927	198 
6928	363 
6929	363 
6930	112 
6931	360 
6932	229 
6933	239 
6934	10 
6935	58 
6936	187 
6937	138 
6938	300 
6939	102 
6940	233 
6941	211 
6942	263 
6943	305 
6944	322 
6945	178 
6946	248 
6947	79 
6948	97 
6949	58 
6950	239 
6951	317 
6952	175 
6953	196 
6954	88 
6955	268 
6956	254 
6957	321 
6958	245 
6959	141 
6960	208 
6961	9 
6962	321 
6963	10 
6964	302 
6965	317 
6966	316 
6967	44 
6968	63 
6969	32 
6970	102 
6971	377 
6972	80 
6973	130 
6974	347 
6975	115 
6976	70 
6977	254 
6978	71 
6979	86 
6980	47 
6981	208 
6982	110 
6983	257 
6984	245 
6985	363 
6986	351 
6987	314 
6988	226 
6989	132 
6990	5 
6991	3 
6992	281 
6993	112 
6994	153 
6995	324 
6996	63 
6997	385 
6998	155 
6999	56 
7000	202 
7001	335 
7002	138 
7003	351 
7004	132 
7005	188 
7006	277 
7007	330 
7008	245 
7009	298 
7010	168 
7011	221 
7012	47 
7013	323 
7014	134 
7015	204 
7016	170 
7017	321 
7018	213 
7019	113 
7020	50 
7021	172 
7022	226 
7023	222 
7024	392 
7025	214 
7026	114 
7027	185 
7028	252 
7029	354 
7030	322 
7031	124 
7032	187 
7033	153 
7034	113 
7035	233 
7036	138 
7037	64 
7038	241 
7039	138 
7040	198 
7041	79 
7042	215 
7043	298 
7044	204 
7045	25 
7046	21 
7047	122 
7048	30 
7049	237 
7050	112 
7051	223 
7052	283 
7053	388 
7054	97 
7055	92 
7056	245 
7057	138 
7058	72 
7059	331 
7060	304 
7061	229 
7062	134 
7063	281 
7064	328 
7065	23 
7066	272 
7067	97 
7068	55 
7069	315 
7070	79 
7071	335 
7072	132 
7073	92 
7074	205 
7075	142 
7076	247 
7077	211 
7078	10 
7079	258 
7080	385 
7081	142 
7082	339 
7083	349 
7084	92 
7085	215 
7086	180 
7087	64 
7088	281 
7089	9 
7090	208 
7091	41 
7092	97 
7093	206 
7094	193 
7095	207 
7096	142 
7097	307 
7098	251 
7099	8 
7100	213 
7101	217 
7102	301 
7103	138 
7104	142 
7105	79 
7106	240 
7107	122 
7108	79 
7109	32 
7110	85 
7111	80 
7112	178 
7113	184 
7114	381 
7115	327 
7116	215 
7117	208 
7118	117 
7119	131 
7120	206 
7121	102 
7122	184 
7123	55 
7124	78 
7125	178 
7126	87 
7127	268 
7128	349 
7129	61 
7130	97 
7131	205 
7132	96 
7133	188 
7134	347 
7135	221 
7136	153 
7137	154 
7138	348 
7139	170 
7140	389 
7141	185 
7142	213 
7143	227 
7144	80 
7145	67 
7146	233 
7147	349 
7148	29 
7149	165 
7150	192 
7151	254 
7152	180 
7153	307 
7154	233 
7155	155 
7156	339 
7157	264 
7158	64 
7159	225 
7160	233 
7161	228 
7162	138 
7163	97 
7164	166 
7165	257 
7166	6 
7167	373 
7168	37 
7169	150 
7170	199 
7171	388 
7172	102 
7173	286 
7174	124 
7175	77 
7176	362 
7177	233 
7178	213 
7179	220 
7180	163 
7181	88 
7182	20 
7183	258 
7184	100 
7185	7 
7186	155 
7187	3 
7188	204 
7189	329 
7190	32 
7191	100 
7192	348 
7193	172 
7194	272 
7195	101 
7196	130 
7197	226 
7198	32 
7199	79 
7200	254 
7201	58 
7202	205 
7203	84 
7204	339 
7205	23 
7206	204 
7207	377 
7208	187 
7209	166 
7210	280 
7211	100 
7212	215 
7213	269 
7214	233 
7215	117 
7216	217 
7217	272 
7218	107 
7219	96 
7220	262 
7221	185 
7222	165 
7223	99 
7224	248 
7225	301 
7226	101 
7227	79 
7228	252 
7229	284 
7230	322 
7231	117 
7232	379 
7233	349 
7234	101 
7235	30 
7236	100 
7237	127 
7238	64 
7239	363 
7240	172 
7241	336 
7242	339 
7243	340 
7244	250 
7245	319 
7246	2 
7247	249 
7248	97 
7249	137 
7250	239 
7251	354 
7252	242 
7253	208 
7254	121 
7255	114 
7256	381 
7257	141 
7258	23 
7259	355 
7260	210 
7261	151 
7262	140 
7263	182 
7264	257 
7265	215 
7266	340 
7267	88 
7268	114 
7269	124 
7270	109 
7271	78 
7272	80 
7273	339 
7274	272 
7275	231 
7276	351 
7277	120 
7278	363 
7279	143 
7280	215 
7281	58 
7282	47 
7283	221 
7284	64 
7285	202 
7286	86 
7287	228 
7288	136 
7289	28 
7290	172 
7291	7 
7292	211 
7293	188 
7294	88 
7295	28 
7296	204 
7297	229 
7298	168 
7299	336 
7300	32 
7301	381 
7302	38 
7303	363 
7304	193 
7305	344 
7306	110 
7307	331 
7308	338 
7309	154 
7310	134 
7311	72 
7312	242 
7313	88 
7314	141 
7315	131 
7316	32 
7317	315 
7318	319 
7319	9 
7320	317 
7321	112 
7322	10 
7323	202 
7324	23 
7325	136 
7326	61 
7327	42 
7328	154 
7329	23 
7330	109 
7331	345 
7332	384 
7333	321 
7334	185 
7335	100 
7336	64 
7337	236 
7338	151 
7339	59 
7340	29 
7341	272 
7342	30 
7343	109 
7344	120 
7345	388 
7346	242 
7347	5 
7348	182 
7349	263 
7350	317 
7351	377 
7352	131 
7353	359 
7354	79 
7355	290 
7356	315 
7357	134 
7358	204 
7359	132 
7360	379 
7361	321 
7362	385 
7363	233 
7364	3 
7365	146 
7366	80 
7367	178 
7368	307 
7369	298 
7370	154 
7371	9 
7372	132 
7373	185 
7374	124 
7375	363 
7376	31 
7377	113 
7378	124 
7379	321 
7380	296 
7381	328 
7382	388 
7383	124 
7384	64 
7385	4 
7386	348 
7387	79 
7388	355 
7389	9 
7390	375 
7391	306 
7392	272 
7393	55 
7394	178 
7395	269 
7396	215 
7397	306 
7398	7 
7399	92 
7400	134 
7401	64 
7402	349 
7403	306 
7404	131 
7405	47 
7406	378 
7407	129 
7408	240 
7409	220 
7410	32 
7411	188 
7412	60 
7413	147 
7414	9 
7415	129 
7416	344 
7417	41 
7418	205 
7419	23 
7420	69 
7421	344 
7422	129 
7423	178 
7424	213 
7425	213 
7426	319 
7427	55 
7428	307 
7429	316 
7430	155 
7431	290 
7432	328 
7433	372 
7434	229 
7435	128 
7436	56 
7437	225 
7438	184 
7439	97 
7440	253 
7441	215 
7442	47 
7443	21 
7444	100 
7445	130 
7446	153 
7447	378 
7448	339 
7449	340 
7450	61 
7451	85 
7452	4 
7453	11 
7454	204 
7455	21 
7456	363 
7457	257 
7458	214 
7459	306 
7460	215 
7461	214 
7462	25 
7463	345 
7464	195 
7465	335 
7466	301 
7467	3 
7468	1 
7469	387 
7470	211 
7471	335 
7472	245 
7473	257 
7474	297 
7475	101 
7476	198 
7477	64 
7478	3 
7479	365 
7480	101 
7481	114 
7482	212 
7483	207 
7484	327 
7485	208 
7486	32 
7487	61 
7488	390 
7489	101 
7490	85 
7491	112 
7492	30 
7493	47 
7494	5 
7495	331 
7496	363 
7497	186 
7498	250 
7499	132 
7500	225 
7501	180 
7502	10 
7503	213 
7504	21 
7505	379 
7506	154 
7507	269 
7508	257 
7509	113 
7510	225 
7511	212 
7512	9 
7513	40 
7514	199 
7515	184 
7516	240 
7517	321 
7518	232 
7519	342 
7520	211 
7521	311 
7522	302 
7523	88 
7524	252 
7525	134 
7526	23 
7527	204 
7528	7 
7529	38 
7530	20 
7531	77 
7532	231 
7533	47 
7534	97 
7535	1 
7536	328 
7537	205 
7538	231 
7539	122 
7540	1 
7541	213 
7542	79 
7543	10 
7544	138 
7545	101 
7546	69 
7547	311 
7548	41 
7549	21 
7550	289 
7551	204 
7552	22 
7553	262 
7554	144 
7555	88 
7556	63 
7557	214 
7558	138 
7559	117 
7560	101 
7561	154 
7562	97 
7563	23 
7564	69 
7565	252 
7566	80 
7567	247 
7568	233 
7569	268 
7570	4 
7571	150 
7572	215 
7573	3 
7574	345 
7575	7 
7576	298 
7577	304 
7578	257 
7579	192 
7580	223 
7581	172 
7582	340 
7583	301 
7584	114 
7585	134 
7586	168 
7587	88 
7588	160 
7589	3 
7590	158 
7591	286 
7592	354 
7593	328 
7594	301 
7595	339 
7596	211 
7597	23 
7598	198 
7599	304 
7600	387 
7601	38 
7602	12 
7603	324 
7604	122 
7605	317 
7606	84 
7607	362 
7608	226 
7609	60 
7610	180 
7611	235 
7612	138 
7613	154 
7614	248 
7615	231 
7616	221 
7617	109 
7618	112 
7619	384 
7620	229 
7621	333 
7622	263 
7623	251 
7624	80 
7625	80 
7626	55 
7627	117 
7628	284 
7629	357 
7630	384 
7631	306 
7632	231 
7633	153 
7634	286 
7635	214 
7636	343 
7637	339 
7638	387 
7639	270 
7640	324 
7641	5 
7642	239 
7643	155 
7644	130 
7645	117 
7646	62 
7647	174 
7648	153 
7649	381 
7650	185 
7651	47 
7652	306 
7653	335 
7654	47 
7655	5 
7656	174 
7657	130 
7658	321 
7659	298 
7660	211 
7661	221 
7662	168 
7663	195 
7664	124 
7665	356 
7666	114 
7667	23 
7668	252 
7669	142 
7670	249 
7671	142 
7672	249 
7673	10 
7674	51 
7675	63 
7676	239 
7677	324 
7678	204 
7679	287 
7680	187 
7681	340 
7682	79 
7683	390 
7684	257 
7685	55 
7686	134 
7687	263 
7688	152 
7689	112 
7690	1 
7691	345 
7692	152 
7693	347 
7694	198 
7695	134 
7696	21 
7697	385 
7698	3 
7699	205 
7700	335 
7701	257 
7702	217 
7703	63 
7704	269 
7705	367 
7706	171 
7707	174 
7708	220 
7709	64 
7710	358 
7711	321 
7712	151 
7713	88 
7714	231 
7715	3 
7716	390 
7717	345 
7718	268 
7719	132 
7720	101 
7721	152 
7722	44 
7723	79 
7724	180 
7725	196 
7726	377 
7727	21 
7728	78 
7729	122 
7730	354 
7731	254 
7732	2 
7733	235 
7734	47 
7735	319 
7736	339 
7737	339 
7738	307 
7739	268 
7740	340 
7741	9 
7742	3 
7743	250 
7744	322 
7745	97 
7746	258 
7747	1 
7748	228 
7749	315 
7750	131 
7751	25 
7752	211 
7753	307 
7754	339 
7755	248 
7756	112 
7757	331 
7758	15 
7759	32 
7760	97 
7761	167 
7762	268 
7763	78 
7764	6 
7765	233 
7766	354 
7767	7 
7768	257 
7769	363 
7770	72 
7771	15 
7772	73 
7773	23 
7774	32 
7775	378 
7776	6 
7777	388 
7778	138 
7779	263 
7780	180 
7781	21 
7782	5 
7783	254 
7784	154 
7785	32 
7786	23 
7787	215 
7788	138 
7789	235 
7790	84 
7791	245 
7792	340 
7793	151 
7794	130 
7795	148 
7796	82 
7797	180 
7798	142 
7799	64 
7800	364 
7801	289 
7802	128 
7803	281 
7804	132 
7805	151 
7806	55 
7807	377 
7808	138 
7809	318 
7810	339 
7811	184 
7812	294 
7813	305 
7814	196 
7815	267 
7816	287 
7817	245 
7818	1 
7819	215 
7820	272 
7821	164 
7822	88 
7823	307 
7824	230 
7825	4 
7826	97 
7827	351 
7828	273 
7829	76 
7830	204 
7831	140 
7832	340 
7833	307 
7834	200 
7835	307 
7836	192 
7837	38 
7838	233 
7839	188 
7840	113 
7841	174 
7842	114 
7843	7 
7844	80 
7845	82 
7846	319 
7847	56 
7848	148 
7849	262 
7850	55 
7851	377 
7852	322 
7853	315 
7854	129 
7855	10 
7856	19 
7857	141 
7858	239 
7859	222 
7860	115 
7861	114 
7862	85 
7863	339 
7864	258 
7865	128 
7866	336 
7867	79 
7868	199 
7869	166 
7870	82 
7871	230 
7872	168 
7873	148 
7874	212 
7875	231 
7876	79 
7877	286 
7878	64 
7879	231 
7880	112 
7881	340 
7882	155 
7883	362 
7884	185 
7885	200 
7886	322 
7887	354 
7888	154 
7889	168 
7890	198 
7891	171 
7892	114 
7893	235 
7894	245 
7895	88 
7896	258 
7897	226 
7898	202 
7899	362 
7900	103 
7901	19 
7902	225 
7903	140 
7904	221 
7905	100 
7906	340 
7907	351 
7908	231 
7909	61 
7910	114 
7911	19 
7912	84 
7913	210 
7914	233 
7915	317 
7916	10 
7917	12 
7918	257 
7919	14 
7920	200 
7921	257 
7922	185 
7923	335 
7924	215 
7925	296 
7926	134 
7927	65 
7928	78 
7929	88 
7930	311 
7931	27 
7932	348 
7933	385 
7934	129 
7935	37 
7936	387 
7937	157 
7938	155 
7939	103 
7940	298 
7941	97 
7942	391 
7943	130 
7944	211 
7945	88 
7946	359 
7947	196 
7948	261 
7949	9 
7950	154 
7951	113 
7952	44 
7953	1 
7954	280 
7955	148 
7956	254 
7957	63 
7958	96 
7959	188 
7960	186 
7961	134 
7962	128 
7963	206 
7964	78 
7965	142 
7966	249 
7967	5 
7968	115 
7969	385 
7970	311 
7971	115 
7972	311 
7973	258 
7974	151 
7975	344 
7976	122 
7977	196 
7978	97 
7979	348 
7980	138 
7981	13 
7982	58 
7983	363 
7984	289 
7985	154 
7986	178 
7987	113 
7988	298 
7989	204 
7990	165 
7991	254 
7992	52 
7993	154 
7994	270 
7995	268 
7996	15 
7997	222 
7998	6 
7999	264 
8000	328 
8001	97 
8002	124 
8003	3 
8004	129 
8005	41 
8006	258 
8007	184 
8008	64 
8009	298 
8010	1 
8011	289 
8012	252 
8013	311 
8014	10 
8015	281 
8016	316 
8017	286 
8018	331 
8019	196 
8020	349 
8021	371 
8022	165 
8023	68 
8024	301 
8025	340 
8026	148 
8027	86 
8028	391 
8029	250 
8030	79 
8031	349 
8032	113 
8033	311 
8034	79 
8035	324 
8036	354 
8037	226 
8038	269 
8039	204 
8040	182 
8041	215 
8042	268 
8043	235 
8044	121 
8045	341 
8046	148 
8047	268 
8048	301 
8049	112 
8050	249 
8051	363 
8052	70 
8053	388 
8054	249 
8055	97 
8056	385 
8057	233 
8058	169 
8059	233 
8060	82 
8061	196 
8062	286 
8063	290 
8064	142 
8065	315 
8066	328 
8067	388 
8068	351 
8069	319 
8070	112 
8071	155 
8072	315 
8073	178 
8074	64 
8075	114 
8076	117 
8077	384 
8078	249 
8079	199 
8080	9 
8081	277 
8082	23 
8083	263 
8084	3 
8085	336 
8086	293 
8087	211 
8088	56 
8089	192 
8090	363 
8091	56 
8092	340 
8093	123 
8094	82 
8095	206 
8096	168 
8097	254 
8098	153 
8099	80 
8100	73 
8101	144 
8102	266 
8103	362 
8104	152 
8105	138 
8106	335 
8107	44 
8108	221 
8109	258 
8110	302 
8111	286 
8112	113 
8113	296 
8114	141 
8115	160 
8116	328 
8117	362 
8118	233 
8119	114 
8120	363 
8121	68 
8122	114 
8123	23 
8124	78 
8125	213 
8126	306 
8127	148 
8128	237 
8129	73 
8130	233 
8131	321 
8132	301 
8133	151 
8134	185 
8135	153 
8136	215 
8137	154 
8138	132 
8139	163 
8140	38 
8141	63 
8142	121 
8143	15 
8144	101 
8145	228 
8146	86 
8147	1 
8148	328 
8149	3 
8150	71 
8151	356 
8152	257 
8153	214 
8154	228 
8155	196 
8156	142 
8157	355 
8158	342 
8159	391 
8160	315 
8161	248 
8162	234 
8163	351 
8164	225 
8165	185 
8166	115 
8167	341 
8168	129 
8169	327 
8170	377 
8171	258 
8172	180 
8173	354 
8174	115 
8175	240 
8176	212 
8177	58 
8178	391 
8179	258 
8180	268 
8181	340 
8182	259 
8183	331 
8184	211 
8185	148 
8186	79 
8187	96 
8188	113 
8189	64 
8190	251 
8191	365 
8192	6 
8193	290 
8194	240 
8195	363 
8196	325 
8197	86 
8198	155 
8199	21 
8200	211 
8201	321 
8202	21 
8203	290 
8204	169 
8205	168 
8206	42 
8207	151 
8208	100 
8209	328 
8210	21 
8211	388 
8212	354 
8213	50 
8214	152 
8215	102 
8216	25 
8217	259 
8218	351 
8219	97 
8220	78 
8221	101 
8222	306 
8223	198 
8224	142 
8225	15 
8226	385 
8227	96 
8228	121 
8229	97 
8230	92 
8231	134 
8232	178 
8233	300 
8234	19 
8235	1 
8236	378 
8237	354 
8238	134 
8239	342 
8240	320 
8241	12 
8242	97 
8243	287 
8244	301 
8245	329 
8246	298 
8247	79 
8248	333 
8249	226 
8250	258 
8251	134 
8252	302 
8253	182 
8254	97 
8255	79 
8256	340 
8257	160 
8258	354 
8259	64 
8260	319 
8261	345 
8262	211 
8263	228 
8264	211 
8265	10 
8266	349 
8267	317 
8268	280 
8269	7 
8270	110 
8271	130 
8272	153 
8273	240 
8274	19 
8275	5 
8276	384 
8277	335 
8278	154 
8279	109 
8280	184 
8281	388 
8282	233 
8283	112 
8284	344 
8285	333 
8286	213 
8287	92 
8288	122 
8289	258 
8290	9 
8291	211 
8292	322 
8293	110 
8294	226 
8295	331 
8296	52 
8297	294 
8298	3 
8299	387 
8300	44 
8301	339 
8302	303 
8303	30 
8304	221 
8305	129 
8306	9 
8307	114 
8308	345 
8309	273 
8310	249 
8311	154 
8312	163 
8313	258 
8314	276 
8315	282 
8316	363 
8317	30 
8318	1 
8319	339 
8320	132 
8321	363 
8322	206 
8323	133 
8324	1 
8325	257 
8326	386 
8327	66 
8328	213 
8329	71 
8330	351 
8331	202 
8332	239 
8333	32 
8334	115 
8335	184 
8336	338 
8337	154 
8338	298 
8339	155 
8340	1 
8341	340 
8342	100 
8343	6 
8344	264 
8345	185 
8346	184 
8347	195 
8348	130 
8349	140 
8350	291 
8351	363 
8352	112 
8353	138 
8354	199 
8355	311 
8356	249 
8357	254 
8358	165 
8359	184 
8360	180 
8361	272 
8362	178 
8363	2 
8364	286 
8365	285 
8366	101 
8367	252 
8368	97 
8369	385 
8370	211 
8371	170 
8372	41 
8373	44 
8374	129 
8375	305 
8376	320 
8377	347 
8378	331 
8379	278 
8380	122 
8381	249 
8382	198 
8383	362 
8384	340 
8385	241 
8386	204 
8387	84 
8388	235 
8389	151 
8390	152 
8391	64 
8392	154 
8393	343 
8394	354 
8395	133 
8396	281 
8397	202 
8398	101 
8399	121 
8400	363 
8401	213 
8402	319 
8403	73 
8404	226 
8405	185 
8406	178 
8407	248 
8408	273 
8409	205 
8410	153 
8411	53 
8412	138 
8413	363 
8414	112 
8415	375 
8416	58 
8417	196 
8418	321 
8419	319 
8420	272 
8421	221 
8422	318 
8423	273 
8424	322 
8425	364 
8426	254 
8427	141 
8428	174 
8429	277 
8430	28 
8431	128 
8432	131 
8433	200 
8434	151 
8435	96 
8436	328 
8437	270 
8438	319 
8439	363 
8440	249 
8441	21 
8442	245 
8443	30 
8444	378 
8445	283 
8446	5 
8447	268 
8448	180 
8449	47 
8450	174 
8451	237 
8452	96 
8453	143 
8454	388 
8455	148 
8456	134 
8457	331 
8458	215 
8459	286 
8460	324 
8461	289 
8462	348 
8463	86 
8464	32 
8465	41 
8466	379 
8467	103 
8468	242 
8469	138 
8470	339 
8471	143 
8472	336 
8473	5 
8474	15 
8475	231 
8476	267 
8477	10 
8478	287 
8479	184 
8480	56 
8481	132 
8482	5 
8483	215 
8484	303 
8485	114 
8486	137 
8487	322 
8488	234 
8489	252 
8490	143 
8491	25 
8492	317 
8493	91 
8494	307 
8495	229 
8496	339 
8497	214 
8498	262 
8499	340 
8500	387 
8501	44 
8502	362 
8503	13 
8504	268 
8505	148 
8506	240 
8507	214 
8508	100 
8509	241 
8510	88 
8511	207 
8512	106 
8513	254 
8514	349 
8515	78 
8516	253 
8517	319 
8518	199 
8519	80 
8520	151 
8521	66 
8522	160 
8523	349 
8524	287 
8525	235 
8526	305 
8527	72 
8528	331 
8529	79 
8530	138 
8531	32 
8532	72 
8533	254 
8534	270 
8535	71 
8536	229 
8537	198 
8538	155 
8539	296 
8540	252 
8541	124 
8542	129 
8543	335 
8544	171 
8545	7 
8546	377 
8547	359 
8548	354 
8549	144 
8550	375 
8551	79 
8552	196 
8553	386 
8554	72 
8555	128 
8556	267 
8557	355 
8558	109 
8559	84 
8560	391 
8561	289 
8562	174 
8563	180 
8564	354 
8565	269 
8566	73 
8567	213 
8568	345 
8569	63 
8570	342 
8571	254 
8572	170 
8573	153 
8574	180 
8575	268 
8576	170 
8577	30 
8578	223 
8579	97 
8580	44 
8581	289 
8582	132 
8583	213 
8584	301 
8585	239 
8586	204 
8587	198 
8588	378 
8589	378 
8590	124 
8591	298 
8592	22 
8593	154 
8594	213 
8595	200 
8596	221 
8597	206 
8598	362 
8599	241 
8600	138 
8601	170 
8602	345 
8603	324 
8604	315 
8605	233 
8606	331 
8607	324 
8608	132 
8609	25 
8610	78 
8611	71 
8612	66 
8613	341 
8614	241 
8615	117 
8616	354 
8617	354 
8618	304 
8619	226 
8620	286 
8621	198 
8622	349 
8623	223 
8624	178 
8625	335 
8626	254 
8627	302 
8628	387 
8629	140 
8630	286 
8631	290 
8632	391 
8633	321 
8634	141 
8635	318 
8636	329 
8637	349 
8638	151 
8639	264 
8640	117 
8641	351 
8642	78 
8643	345 
8644	215 
8645	27 
8646	213 
8647	298 
8648	64 
8649	257 
8650	272 
8651	115 
8652	64 
8653	47 
8654	184 
8655	56 
8656	359 
8657	304 
8658	200 
8659	319 
8660	317 
8661	129 
8662	148 
8663	221 
8664	187 
8665	61 
8666	202 
8667	3 
8668	112 
8669	258 
8670	165 
8671	272 
8672	245 
8673	340 
8674	371 
8675	351 
8676	319 
8677	239 
8678	268 
8679	319 
8680	31 
8681	109 
8682	262 
8683	100 
8684	250 
8685	41 
8686	347 
8687	215 
8688	359 
8689	155 
8690	196 
8691	211 
8692	168 
8693	252 
8694	211 
8695	187 
8696	115 
8697	245 
8698	124 
8699	96 
8700	354 
8701	178 
8702	302 
8703	88 
8704	128 
8705	252 
8706	361 
8707	355 
8708	228 
8709	128 
8710	170 
8711	32 
8712	200 
8713	168 
8714	9 
8715	315 
8716	306 
8717	178 
8718	23 
8719	56 
8720	217 
8721	364 
8722	233 
8723	21 
8724	213 
8725	132 
8726	217 
8727	242 
8728	63 
8729	272 
8730	85 
8731	32 
8732	187 
8733	178 
8734	204 
8735	37 
8736	286 
8737	154 
8738	317 
8739	185 
8740	155 
8741	214 
8742	114 
8743	19 
8744	131 
8745	342 
8746	319 
8747	208 
8748	252 
8749	324 
8750	258 
8751	124 
8752	6 
8753	348 
8754	61 
8755	379 
8756	47 
8757	235 
8758	354 
8759	254 
8760	198 
8761	222 
8762	23 
8763	109 
8764	3 
8765	215 
8766	349 
8767	356 
8768	348 
8769	2 
8770	182 
8771	307 
8772	252 
8773	5 
8774	328 
8775	258 
8776	129 
8777	262 
8778	303 
8779	185 
8780	130 
8781	92 
8782	50 
8783	184 
8784	354 
8785	306 
8786	71 
8787	378 
8788	198 
8789	38 
8790	109 
8791	97 
8792	211 
8793	340 
8794	349 
8795	215 
8796	324 
8797	363 
8798	113 
8799	248 
8800	9 
8801	362 
8802	73 
8803	25 
8804	272 
8805	206 
8806	298 
8807	196 
8808	154 
8809	23 
8810	3 
8811	316 
8812	351 
8813	114 
8814	129 
8815	262 
8816	165 
8817	349 
8818	242 
8819	387 
8820	185 
8821	287 
8822	377 
8823	385 
8824	377 
8825	349 
8826	305 
8827	268 
8828	204 
8829	52 
8830	241 
8831	151 
8832	306 
8833	324 
8834	381 
8835	60 
8836	122 
8837	110 
8838	212 
8839	112 
8840	112 
8841	359 
8842	204 
8843	240 
8844	182 
8845	38 
8846	257 
8847	250 
8848	240 
8849	355 
8850	128 
8851	178 
8852	272 
8853	23 
8854	286 
8855	61 
8856	345 
8857	287 
8858	339 
8859	307 
8860	258 
8861	249 
8862	213 
8863	82 
8864	324 
8865	335 
8866	188 
8867	58 
8868	377 
8869	276 
8870	41 
8871	257 
8872	311 
8873	79 
8874	151 
8875	377 
8876	38 
8877	61 
8878	285 
8879	117 
8880	239 
8881	331 
8882	195 
8883	73 
8884	221 
8885	154 
8886	180 
8887	324 
8888	128 
8889	250 
8890	178 
8891	287 
8892	222 
8893	63 
8894	248 
8895	359 
8896	208 
8897	328 
8898	64 
8899	68 
8900	226 
8901	62 
8902	303 
8903	170 
8904	131 
8905	226 
8906	328 
8907	377 
8908	21 
8909	302 
8910	4 
8911	199 
8912	185 
8913	138 
8914	196 
8915	71 
8916	1 
8917	155 
8918	296 
8919	114 
8920	180 
8921	290 
8922	213 
8923	363 
8924	168 
8925	131 
8926	114 
8927	362 
8928	307 
8929	213 
8930	184 
8931	231 
8932	298 
8933	198 
8934	362 
8935	47 
8936	349 
8937	214 
8938	151 
8939	208 
8940	113 
8941	298 
8942	257 
8943	254 
8944	184 
8945	13 
8946	101 
8947	345 
8948	249 
8949	131 
8950	20 
8951	228 
8952	381 
8953	47 
8954	10 
8955	174 
8956	316 
8957	223 
8958	211 
8959	264 
8960	138 
8961	132 
8962	331 
8963	391 
8964	363 
8965	386 
8966	109 
8967	305 
8968	28 
8969	303 
8970	301 
8971	58 
8972	253 
8973	56 
8974	187 
8975	213 
8976	132 
8977	84 
8978	130 
8979	50 
8980	258 
8981	384 
8982	184 
8983	5 
8984	122 
8985	252 
8986	130 
8987	302 
8988	148 
8989	80 
8990	92 
8991	97 
8992	132 
8993	30 
8994	276 
8995	184 
8996	165 
8997	178 
8998	340 
8999	115 
9000	379 
9001	82 
9002	3 
9003	345 
9004	15 
9005	172 
9006	212 
9007	388 
9008	336 
9009	233 
9010	245 
9011	184 
9012	6 
9013	142 
9014	257 
9015	185 
9016	258 
9017	327 
9018	381 
9019	178 
9020	240 
9021	239 
9022	304 
9023	390 
9024	249 
9025	319 
9026	208 
9027	153 
9028	132 
9029	205 
9030	298 
9031	262 
9032	331 
9033	347 
9034	342 
9035	329 
9036	7 
9037	4 
9038	388 
9039	391 
9040	25 
9041	187 
9042	64 
9043	101 
9044	264 
9045	134 
9046	273 
9047	324 
9048	339 
9049	257 
9050	9 
9051	153 
9052	268 
9053	4 
9054	317 
9055	79 
9056	325 
9057	213 
9058	168 
9059	245 
9060	286 
9061	151 
9062	168 
9063	96 
9064	240 
9065	124 
9066	317 
9067	21 
9068	58 
9069	228 
9070	168 
9071	213 
9072	273 
9073	31 
9074	79 
9075	25 
9076	226 
9077	269 
9078	21 
9079	378 
9080	154 
9081	102 
9082	215 
9083	109 
9084	154 
9085	166 
9086	268 
9087	109 
9088	25 
9089	61 
9090	106 
9091	30 
9092	10 
9093	134 
9094	340 
9095	233 
9096	229 
9097	137 
9098	311 
9099	381 
9100	214 
9101	64 
9102	180 
9103	344 
9104	168 
9105	215 
9106	226 
9107	342 
9108	333 
9109	2 
9110	88 
9111	155 
9112	321 
9113	385 
9114	165 
9115	30 
9116	354 
9117	21 
9118	168 
9119	82 
9120	58 
9121	217 
9122	250 
9123	63 
9124	316 
9125	356 
9126	129 
9127	272 
9128	109 
9129	23 
9130	168 
9131	387 
9132	252 
9133	241 
9134	155 
9135	289 
9136	202 
9137	387 
9138	23 
9139	38 
9140	222 
9141	384 
9142	289 
9143	363 
9144	25 
9145	321 
9146	272 
9147	213 
9148	185 
9149	268 
9150	110 
9151	325 
9152	3 
9153	316 
9154	252 
9155	130 
9156	138 
9157	387 
9158	27 
9159	152 
9160	263 
9161	229 
9162	28 
9163	215 
9164	253 
9165	21 
9166	331 
9167	319 
9168	349 
9169	143 
9170	9 
9171	153 
9172	223 
9173	101 
9174	5 
9175	281 
9176	198 
9177	180 
9178	211 
9179	248 
9180	58 
9181	134 
9182	324 
9183	13 
9184	117 
9185	184 
9186	205 
9187	258 
9188	378 
9189	97 
9190	202 
9191	223 
9192	229 
9193	47 
9194	110 
9195	168 
9196	114 
9197	206 
9198	347 
9199	303 
9200	327 
9201	158 
9202	217 
9203	384 
9204	107 
9205	88 
9206	79 
9207	96 
9208	239 
9209	23 
9210	363 
9211	349 
9212	206 
9213	261 
9214	240 
9215	132 
9216	215 
9217	6 
9218	124 
9219	134 
9220	387 
9221	143 
9222	204 
9223	53 
9224	298 
9225	321 
9226	185 
9227	151 
9228	200 
9229	79 
9230	240 
9231	250 
9232	222 
9233	10 
9234	82 
9235	362 
9236	196 
9237	215 
9238	112 
9239	377 
9240	88 
9241	58 
9242	311 
9243	30 
9244	211 
9245	25 
9246	210 
9247	138 
9248	79 
9249	154 
9250	250 
9251	321 
9252	208 
9253	32 
9254	9 
9255	110 
9256	158 
9257	198 
9258	47 
9259	9 
9260	241 
9261	257 
9262	109 
9263	3 
9264	257 
9265	47 
9266	132 
9267	101 
9268	180 
9269	154 
9270	56 
9271	196 
9272	131 
9273	41 
9274	64 
9275	86 
9276	117 
9277	336 
9278	154 
9279	302 
9280	9 
9281	345 
9282	298 
9283	338 
9284	188 
9285	155 
9286	340 
9287	267 
9288	354 
9289	348 
9290	153 
9291	109 
9292	122 
9293	307 
9294	9 
9295	107 
9296	240 
9297	305 
9298	172 
9299	225 
9300	100 
9301	257 
9302	55 
9303	50 
9304	80 
9305	73 
9306	117 
9307	128 
9308	21 
9309	249 
9310	92 
9311	21 
9312	341 
9313	109 
9314	315 
9315	124 
9316	196 
9317	138 
9318	295 
9319	19 
9320	226 
9321	329 
9322	391 
9323	298 
9324	329 
9325	5 
9326	132 
9327	15 
9328	32 
9329	199 
9330	55 
9331	204 
9332	117 
9333	263 
9334	361 
9335	78 
9336	64 
9337	239 
9338	151 
9339	204 
9340	215 
9341	335 
9342	254 
9343	178 
9344	211 
9345	204 
9346	217 
9347	331 
9348	298 
9349	196 
9350	301 
9351	315 
9352	377 
9353	388 
9354	319 
9355	53 
9356	336 
9357	21 
9358	154 
9359	134 
9360	321 
9361	25 
9362	277 
9363	97 
9364	124 
9365	349 
9366	112 
9367	28 
9368	128 
9369	109 
9370	305 
9371	257 
9372	131 
9373	3 
9374	138 
9375	114 
9376	50 
9377	328 
9378	262 
9379	342 
9380	322 
9381	152 
9382	340 
9383	101 
9384	214 
9385	101 
9386	64 
9387	3 
9388	180 
9389	187 
9390	322 
9391	130 
9392	233 
9393	79 
9394	345 
9395	4 
9396	391 
9397	153 
9398	307 
9399	101 
9400	349 
9401	384 
9402	23 
9403	178 
9404	388 
9405	298 
9406	180 
9407	257 
9408	387 
9409	362 
9410	28 
9411	109 
9412	208 
9413	23 
9414	172 
9415	9 
9416	241 
9417	165 
9418	388 
9419	321 
9420	229 
9421	222 
9422	272 
9423	327 
9424	130 
9425	64 
9426	212 
9427	1 
9428	241 
9429	3 
9430	134 
9431	249 
9432	122 
9433	154 
9434	19 
9435	138 
9436	185 
9437	321 
9438	129 
9439	80 
9440	211 
9441	138 
9442	286 
9443	109 
9444	21 
9445	187 
9446	88 
9447	3 
9448	344 
9449	9 
9450	122 
9451	168 
9452	7 
9453	335 
9454	233 
9455	351 
9456	165 
9457	10 
9458	124 
9459	248 
9460	198 
9461	198 
9462	215 
9463	112 
9464	132 
9465	154 
9466	322 
9467	331 
9468	321 
9469	152 
9470	362 
9471	138 
9472	200 
9473	345 
9474	21 
9475	154 
9476	268 
9477	188 
9478	211 
9479	100 
9480	64 
9481	335 
9482	79 
9483	198 
9484	172 
9485	205 
9486	344 
9487	114 
9488	264 
9489	178 
9490	342 
9491	205 
9492	340 
9493	185 
9494	213 
9495	316 
9496	151 
9497	387 
9498	131 
9499	349 
9500	128 
9501	154 
9502	172 
9503	258 
9504	21 
9505	306 
9506	363 
9507	257 
9508	233 
9509	269 
9510	155 
9511	339 
9512	289 
9513	19 
9514	388 
9515	245 
9516	47 
9517	155 
9518	269 
9519	208 
9520	28 
9521	134 
9522	79 
9523	131 
9524	340 
9525	233 
9526	202 
9527	269 
9528	101 
9529	109 
9530	122 
9531	239 
9532	391 
9533	25 
9534	354 
9535	388 
9536	138 
9537	242 
9538	115 
9539	341 
9540	61 
9541	205 
9542	5 
9543	101 
9544	322 
9545	281 
9546	348 
9547	187 
9548	345 
9549	25 
9550	196 
9551	1 
9552	97 
9553	142 
9554	226 
9555	198 
9556	97 
9557	79 
9558	249 
9559	221 
9560	30 
9561	114 
9562	9 
9563	100 
9564	153 
9565	101 
9566	115 
9567	1 
9568	268 
9569	362 
9570	3 
9571	10 
9572	140 
9573	128 
9574	385 
9575	241 
9576	321 
9577	342 
9578	329 
9579	338 
9580	202 
9581	204 
9582	302 
9583	215 
9584	272 
9585	327 
9586	1 
9587	233 
9588	303 
9589	204 
9590	152 
9591	264 
9592	252 
9593	142 
9594	182 
9595	100 
9596	257 
9597	319 
9598	97 
9599	44 
9600	3 
9601	64 
9602	185 
9603	252 
9604	253 
9605	268 
9606	229 
9607	155 
9608	327 
9609	138 
9610	41 
9611	110 
9612	155 
9613	124 
9614	321 
9615	307 
9616	30 
9617	240 
9618	155 
9619	241 
9620	217 
9621	322 
9622	324 
9623	1 
9624	240 
9625	134 
9626	311 
9627	47 
9628	58 
9629	185 
9630	58 
9631	208 
9632	233 
9633	268 
9634	21 
9635	3 
9636	229 
9637	324 
9638	58 
9639	121 
9640	250 
9641	205 
9642	165 
9643	58 
9644	340 
9645	257 
9646	138 
9647	349 
9648	258 
9649	151 
9650	122 
9651	122 
9652	245 
9653	258 
9654	88 
9655	378 
9656	21 
9657	115 
9658	215 
9659	121 
9660	121 
9661	213 
9662	340 
9663	306 
9664	298 
9665	112 
9666	340 
9667	112 
9668	130 
9669	79 
9670	80 
9671	78 
9672	342 
9673	129 
9674	321 
9675	198 
9676	32 
9677	298 
9678	153 
9679	112 
9680	6 
9681	215 
9682	253 
9683	233 
9684	10 
9685	184 
9686	301 
9687	129 
9688	124 
9689	3 
9690	5 
9691	168 
9692	245 
9693	101 
9694	319 
9695	286 
9696	153 
9697	290 
9698	233 
9699	263 
9700	229 
9701	363 
9702	307 
9703	55 
9704	185 
9705	132 
9706	184 
9707	3 
9708	25 
9709	101 
9710	241 
9711	363 
9712	378 
9713	241 
9714	114 
9715	298 
9716	168 
9717	198 
9718	134 
9719	322 
9720	240 
9721	240 
9722	378 
9723	241 
9724	340 
9725	101 
9726	97 
9727	213 
9728	344 
9729	249 
9730	217 
9731	327 
9732	184 
9733	254 
9734	3 
9735	58 
9736	25 
9737	240 
9738	328 
9739	257 
9740	344 
9741	114 
9742	112 
9743	187 
9744	289 
9745	338 
9746	9 
9747	257 
9748	272 
9749	1 
9750	134 
9751	109 
9752	241 
9753	61 
9754	151 
9755	245 
9756	96 
9757	56 
9758	213 
9759	138 
9760	254 
9761	204 
9762	112 
9763	128 
9764	47 
9765	198 
9766	130 
9767	32 
9768	30 
9769	342 
9770	204 
9771	152 
9772	215 
9773	377 
9774	324 
9775	196 
9776	152 
9777	132 
9778	221 
9779	97 
9780	154 
9781	316 
9782	124 
9783	9 
9784	180 
9785	254 
9786	32 
9787	1 
9788	165 
9789	185 
9790	233 
9791	187 
9792	184 
9793	79 
9794	384 
9795	165 
9796	100 
9797	82 
9798	215 
9799	25 
9800	117 
9801	100 
9802	200 
9803	131 
9804	32 
9805	301 
9806	79 
9807	154 
9808	306 
9809	64 
9810	185 
9811	112 
9812	154 
9813	151 
9814	252 
9815	229 
9816	202 
9817	88 
9818	249 
9819	213 
9820	97 
9821	202 
9822	184 
9823	211 
9824	221 
9825	155 
9826	354 
9827	58 
9828	202 
9829	208 
9830	178 
9831	88 
9832	184 
9833	168 
9834	258 
9835	286 
9836	10 
9837	354 
9838	10 
9839	1 
9840	134 
9841	32 
9842	114 
9843	307 
9844	117 
9845	154 
9846	198 
9847	180 
9848	363 
9849	388 
9850	245 
9851	180 
9852	30 
9853	239 
9854	354 
9855	198 
9856	155 
9857	245 
9858	79 
9859	184 
9860	268 
9861	268 
9862	319 
9863	319 
9864	9 
9865	322 
9866	208 
9867	335 
9868	198 
9869	298 
9870	101 
9871	47 
9872	112 
9873	97 
9874	349 
9875	130 
9876	180 
9877	268 
9878	25 
9879	1 
9880	185 
9881	178 
9882	185 
9883	272 
9884	58 
9885	252 
9886	215 
9887	315 
9888	3 
9889	178 
9890	252 
9891	213 
9892	79 
9893	88 
9894	226 
9895	198 
9896	165 
9897	340 
9898	109 
9899	257 
9900	378 
9901	204 
9902	138 
9903	58 
9904	129 
9905	58 
9906	154 
9907	155 
9908	254 
9909	117 
9910	340 
9911	124 
9912	9 
9913	215 
9914	165 
9915	184 
9916	1 
9917	79 
9918	211 
9919	185 
9920	339 
9921	3 
9922	23 
9923	132 
9924	10 
9925	257 
9926	101 
9927	1 
9928	298 
9929	185 
9930	21 
9931	101 
9932	198 
9933	21 
9934	388 
9935	363 
9936	23 
9937	25 
9938	268 
9939	165 
9940	298 
9941	154 
9942	1 
9943	204 
9944	257 
9945	185 
9946	10 
9947	340 
9948	79 
9949	198 
9950	3 
9951	64 
9952	112 
9953	339 
9954	154 
9955	168 
9956	97 
9957	349 
9958	213 
9959	204 
9960	184 
9961	340 
9962	180 
9963	132 
9964	21 
9965	130 
9966	184 
9967	101 
9968	97 
9969	10 
9970	254 
9971	134 
9972	132 
9973	319 
9974	3 
9975	30 
9976	97 
9977	340 
9978	298 
9979	21 
9980	9 
9981	213 
9982	3 
9983	298 
9984	211 
9985	21 
9986	198 
9987	138 
9988	340 
9989	198 
9990	1 
9991	340 
9992	3 
9993	213 
9994	3 
9995	168 
9996	97 
9997	3 
9998	97 
9999	257 
10000	185 
