1	2 
2	238 
3	115 
4	62 
5	217 
6	248 
7	364 
8	355 
9	360 
10	3 
11	26 
12	63 
13	304 
14	263 
15	103 
16	255 
17	24 
18	199 
19	217 
20	13 
21	313 
22	148 
23	344 
24	120 
25	343 
26	70 
27	93 
28	338 
29	56 
30	215 
31	157 
32	309 
33	261 
34	114 
35	342 
36	127 
37	266 
38	126 
39	274 
40	203 
41	252 
42	81 
43	94 
44	65 
45	153 
46	339 
47	230 
48	207 
49	53 
50	101 
51	96 
52	113 
53	225 
54	157 
55	157 
56	308 
57	1 
58	3 
59	338 
60	233 
61	357 
62	241 
63	336 
64	296 
65	227 
66	196 
67	227 
68	255 
69	248 
70	110 
71	236 
72	134 
73	187 
74	320 
75	94 
76	344 
77	187 
78	352 
79	269 
80	59 
81	332 
82	247 
83	110 
84	13 
85	51 
86	358 
87	198 
88	187 
89	153 
90	78 
91	127 
92	115 
93	309 
94	57 
95	334 
96	74 
97	112 
98	220 
99	18 
100	255 
101	81 
102	347 
103	304 
104	13 
105	54 
106	80 
107	180 
108	199 
109	309 
110	309 
111	18 
112	187 
113	355 
114	227 
115	40 
116	107 
117	265 
118	6 
119	350 
120	215 
121	276 
122	107 
123	157 
124	176 
125	357 
126	255 
127	91 
128	81 
129	262 
130	92 
131	176 
132	214 
133	195 
134	293 
135	247 
136	74 
137	38 
138	215 
139	34 
140	244 
141	25 
142	362 
143	184 
144	11 
145	268 
146	120 
147	266 
148	342 
149	114 
150	31 
151	96 
152	57 
153	334 
154	241 
155	225 
156	288 
157	139 
158	41 
159	265 
160	134 
161	37 
162	175 
163	336 
164	309 
165	32 
166	108 
167	222 
168	203 
169	155 
170	139 
171	323 
172	324 
173	350 
174	250 
175	120 
176	87 
177	14 
178	94 
179	287 
180	165 
181	334 
182	94 
183	70 
184	324 
185	230 
186	57 
187	122 
188	82 
189	247 
190	340 
191	155 
192	228 
193	64 
194	22 
195	86 
196	359 
197	203 
198	67 
199	78 
200	305 
201	249 
202	227 
203	271 
204	165 
205	222 
206	125 
207	70 
208	113 
209	120 
210	363 
211	357 
212	270 
213	354 
214	31 
215	342 
216	236 
217	48 
218	103 
219	139 
220	360 
221	357 
222	134 
223	318 
224	281 
225	275 
226	203 
227	113 
228	184 
229	352 
230	254 
231	360 
232	59 
233	196 
234	235 
235	308 
236	16 
237	140 
238	31 
239	247 
240	342 
241	309 
242	25 
243	202 
244	212 
245	27 
246	127 
247	320 
248	19 
249	53 
250	125 
251	166 
252	359 
253	59 
254	215 
255	119 
256	180 
257	139 
258	58 
259	357 
260	38 
261	309 
262	38 
263	237 
264	332 
265	129 
266	122 
267	110 
268	11 
269	363 
270	122 
271	239 
272	264 
273	322 
274	261 
275	264 
276	258 
277	38 
278	125 
279	157 
280	166 
281	255 
282	288 
283	127 
284	175 
285	175 
286	175 
287	355 
288	74 
289	297 
290	364 
291	165 
292	125 
293	31 
294	187 
295	16 
296	129 
297	113 
298	77 
299	364 
300	364 
301	14 
302	85 
303	22 
304	77 
305	22 
306	226 
307	305 
308	126 
309	18 
310	59 
311	53 
312	78 
313	173 
314	299 
315	49 
316	336 
317	114 
318	237 
319	125 
320	225 
321	103 
322	294 
323	4 
324	108 
325	7 
326	146 
327	333 
328	143 
329	193 
330	210 
331	129 
332	146 
333	309 
334	254 
335	55 
336	325 
337	47 
338	191 
339	15 
340	87 
341	358 
342	324 
343	209 
344	113 
345	299 
346	47 
347	35 
348	98 
349	65 
350	119 
351	281 
352	185 
353	107 
354	134 
355	210 
356	18 
357	51 
358	282 
359	93 
360	47 
361	196 
362	16 
363	64 
364	65 
365	143 
366	8 
367	192 
368	320 
369	59 
370	14 
371	338 
372	119 
373	332 
374	228 
375	316 
376	94 
377	77 
378	309 
379	26 
380	2 
381	67 
382	53 
383	360 
384	206 
385	74 
386	98 
387	25 
388	214 
389	57 
390	357 
391	207 
392	118 
393	252 
394	210 
395	305 
396	255 
397	81 
398	282 
399	122 
400	110 
401	2 
402	16 
403	246 
404	201 
405	19 
406	334 
407	237 
408	126 
409	286 
410	248 
411	40 
412	320 
413	240 
414	324 
415	308 
416	103 
417	261 
418	364 
419	345 
420	288 
421	87 
422	158 
423	71 
424	331 
425	235 
426	302 
427	1 
428	276 
429	176 
430	179 
431	223 
432	81 
433	192 
434	226 
435	165 
436	288 
437	244 
438	184 
439	13 
440	357 
441	270 
442	261 
443	240 
444	222 
445	253 
446	193 
447	292 
448	182 
449	288 
450	287 
451	323 
452	210 
453	196 
454	51 
455	273 
456	343 
457	222 
458	330 
459	10 
460	132 
461	180 
462	122 
463	19 
464	135 
465	299 
466	130 
467	212 
468	350 
469	340 
470	342 
471	298 
472	19 
473	58 
474	270 
475	120 
476	1 
477	19 
478	156 
479	129 
480	256 
481	65 
482	230 
483	336 
484	183 
485	241 
486	195 
487	76 
488	120 
489	133 
490	210 
491	65 
492	26 
493	107 
494	223 
495	273 
496	191 
497	284 
498	177 
499	287 
500	165 
501	186 
502	150 
503	305 
504	168 
505	265 
506	107 
507	135 
508	232 
509	316 
510	359 
511	67 
512	34 
513	230 
514	125 
515	2 
516	267 
517	276 
518	364 
519	96 
520	363 
521	62 
522	85 
523	16 
524	39 
525	8 
526	2 
527	126 
528	16 
529	287 
530	329 
531	203 
532	352 
533	8 
534	125 
535	8 
536	324 
537	18 
538	56 
539	94 
540	325 
541	57 
542	180 
543	103 
544	2 
545	184 
546	310 
547	347 
548	298 
549	312 
550	175 
551	43 
552	58 
553	264 
554	58 
555	80 
556	94 
557	228 
558	127 
559	52 
560	176 
561	262 
562	210 
563	19 
564	134 
565	13 
566	339 
567	221 
568	201 
569	199 
570	119 
571	98 
572	85 
573	195 
574	57 
575	29 
576	91 
577	203 
578	287 
579	119 
580	269 
581	352 
582	16 
583	47 
584	222 
585	273 
586	214 
587	100 
588	244 
589	53 
590	119 
591	309 
592	225 
593	262 
594	210 
595	163 
596	245 
597	170 
598	14 
599	346 
600	247 
601	73 
602	358 
603	94 
604	204 
605	112 
606	357 
607	178 
608	22 
609	233 
610	294 
611	342 
612	227 
613	223 
614	185 
615	183 
616	241 
617	360 
618	301 
619	270 
620	195 
621	182 
622	51 
623	139 
624	157 
625	338 
626	7 
627	276 
628	38 
629	240 
630	325 
631	308 
632	268 
633	125 
634	363 
635	14 
636	230 
637	49 
638	85 
639	120 
640	221 
641	200 
642	110 
643	215 
644	59 
645	147 
646	18 
647	359 
648	158 
649	81 
650	59 
651	266 
652	364 
653	347 
654	139 
655	25 
656	71 
657	35 
658	29 
659	244 
660	85 
661	38 
662	157 
663	340 
664	332 
665	59 
666	113 
667	210 
668	45 
669	251 
670	135 
671	24 
672	223 
673	234 
674	247 
675	49 
676	47 
677	152 
678	135 
679	364 
680	204 
681	142 
682	178 
683	1 
684	210 
685	96 
686	364 
687	94 
688	133 
689	338 
690	360 
691	214 
692	125 
693	290 
694	248 
695	66 
696	112 
697	49 
698	238 
699	241 
700	324 
701	52 
702	357 
703	85 
704	185 
705	25 
706	322 
707	64 
708	59 
709	349 
710	156 
711	157 
712	353 
713	101 
714	312 
715	26 
716	332 
717	146 
718	198 
719	305 
720	38 
721	29 
722	77 
723	218 
724	300 
725	350 
726	352 
727	240 
728	179 
729	292 
730	265 
731	195 
732	133 
733	357 
734	21 
735	357 
736	240 
737	324 
738	107 
739	360 
740	313 
741	215 
742	5 
743	11 
744	338 
745	67 
746	128 
747	219 
748	30 
749	194 
750	213 
751	135 
752	266 
753	72 
754	26 
755	57 
756	240 
757	37 
758	29 
759	94 
760	273 
761	87 
762	85 
763	241 
764	243 
765	233 
766	213 
767	363 
768	27 
769	325 
770	355 
771	16 
772	77 
773	324 
774	241 
775	74 
776	57 
777	70 
778	93 
779	203 
780	328 
781	332 
782	311 
783	8 
784	264 
785	210 
786	27 
787	196 
788	35 
789	248 
790	19 
791	308 
792	360 
793	59 
794	125 
795	364 
796	291 
797	25 
798	287 
799	174 
800	318 
801	195 
802	228 
803	360 
804	120 
805	321 
806	143 
807	27 
808	270 
809	120 
810	172 
811	271 
812	240 
813	135 
814	339 
815	214 
816	119 
817	205 
818	214 
819	295 
820	38 
821	205 
822	338 
823	352 
824	262 
825	100 
826	327 
827	51 
828	22 
829	113 
830	316 
831	355 
832	151 
833	195 
834	331 
835	252 
836	16 
837	175 
838	122 
839	331 
840	57 
841	309 
842	238 
843	222 
844	1 
845	69 
846	189 
847	288 
848	225 
849	60 
850	16 
851	35 
852	299 
853	272 
854	205 
855	134 
856	225 
857	107 
858	273 
859	82 
860	35 
861	158 
862	195 
863	114 
864	214 
865	320 
866	188 
867	81 
868	312 
869	25 
870	6 
871	128 
872	238 
873	262 
874	96 
875	27 
876	85 
877	244 
878	244 
879	78 
880	8 
881	30 
882	135 
883	308 
884	134 
885	155 
886	240 
887	227 
888	245 
889	241 
890	187 
891	123 
892	196 
893	180 
894	125 
895	305 
896	77 
897	195 
898	26 
899	340 
900	155 
901	13 
902	59 
903	265 
904	19 
905	273 
906	47 
907	81 
908	295 
909	327 
910	174 
911	217 
912	81 
913	225 
914	187 
915	311 
916	122 
917	246 
918	58 
919	225 
920	182 
921	21 
922	38 
923	240 
924	39 
925	210 
926	77 
927	8 
928	290 
929	324 
930	26 
931	339 
932	206 
933	329 
934	309 
935	81 
936	257 
937	205 
938	129 
939	348 
940	61 
941	67 
942	273 
943	192 
944	280 
945	2 
946	357 
947	318 
948	72 
949	231 
950	310 
951	312 
952	324 
953	120 
954	318 
955	316 
956	2 
957	98 
958	196 
959	196 
960	121 
961	338 
962	105 
963	324 
964	228 
965	244 
966	353 
967	166 
968	295 
969	300 
970	347 
971	189 
972	53 
973	75 
974	143 
975	308 
976	65 
977	273 
978	241 
979	124 
980	153 
981	314 
982	318 
983	180 
984	38 
985	81 
986	126 
987	227 
988	223 
989	282 
990	154 
991	16 
992	187 
993	342 
994	308 
995	271 
996	251 
997	141 
998	353 
999	329 
1000	99 
1001	39 
1002	247 
1003	31 
1004	180 
1005	38 
1006	324 
1007	210 
1008	364 
1009	174 
1010	158 
1011	152 
1012	274 
1013	25 
1014	85 
1015	39 
1016	212 
1017	75 
1018	255 
1019	298 
1020	228 
1021	247 
1022	227 
1023	215 
1024	309 
1025	111 
1026	14 
1027	230 
1028	87 
1029	96 
1030	228 
1031	296 
1032	165 
1033	165 
1034	324 
1035	329 
1036	262 
1037	255 
1038	87 
1039	143 
1040	161 
1041	200 
1042	154 
1043	19 
1044	325 
1045	227 
1046	347 
1047	271 
1048	163 
1049	77 
1050	122 
1051	59 
1052	56 
1053	103 
1054	234 
1055	176 
1056	139 
1057	362 
1058	199 
1059	359 
1060	55 
1061	27 
1062	12 
1063	122 
1064	207 
1065	125 
1066	334 
1067	324 
1068	334 
1069	110 
1070	322 
1071	304 
1072	271 
1073	352 
1074	352 
1075	346 
1076	345 
1077	126 
1078	120 
1079	221 
1080	92 
1081	127 
1082	308 
1083	227 
1084	312 
1085	201 
1086	198 
1087	126 
1088	335 
1089	289 
1090	147 
1091	107 
1092	317 
1093	251 
1094	135 
1095	247 
1096	126 
1097	351 
1098	27 
1099	360 
1100	322 
1101	59 
1102	205 
1103	187 
1104	355 
1105	87 
1106	311 
1107	70 
1108	18 
1109	245 
1110	41 
1111	215 
1112	48 
1113	120 
1114	334 
1115	241 
1116	175 
1117	267 
1118	364 
1119	273 
1120	181 
1121	244 
1122	16 
1123	101 
1124	191 
1125	96 
1126	129 
1127	224 
1128	51 
1129	180 
1130	305 
1131	17 
1132	195 
1133	129 
1134	276 
1135	312 
1136	357 
1137	143 
1138	274 
1139	77 
1140	274 
1141	190 
1142	26 
1143	316 
1144	100 
1145	251 
1146	165 
1147	324 
1148	261 
1149	267 
1150	122 
1151	312 
1152	37 
1153	127 
1154	65 
1155	223 
1156	178 
1157	104 
1158	202 
1159	308 
1160	2 
1161	8 
1162	265 
1163	308 
1164	13 
1165	120 
1166	154 
1167	325 
1168	182 
1169	25 
1170	107 
1171	364 
1172	347 
1173	332 
1174	23 
1175	322 
1176	178 
1177	273 
1178	222 
1179	144 
1180	228 
1181	247 
1182	329 
1183	28 
1184	89 
1185	215 
1186	174 
1187	261 
1188	232 
1189	178 
1190	30 
1191	250 
1192	58 
1193	223 
1194	107 
1195	276 
1196	195 
1197	16 
1198	22 
1199	265 
1200	153 
1201	342 
1202	87 
1203	330 
1204	129 
1205	261 
1206	41 
1207	211 
1208	336 
1209	213 
1210	360 
1211	1 
1212	104 
1213	119 
1214	8 
1215	192 
1216	190 
1217	68 
1218	334 
1219	173 
1220	345 
1221	116 
1222	240 
1223	148 
1224	215 
1225	110 
1226	244 
1227	143 
1228	63 
1229	192 
1230	360 
1231	5 
1232	228 
1233	250 
1234	107 
1235	311 
1236	22 
1237	247 
1238	273 
1239	320 
1240	271 
1241	57 
1242	43 
1243	202 
1244	152 
1245	94 
1246	225 
1247	117 
1248	135 
1249	250 
1250	276 
1251	228 
1252	103 
1253	29 
1254	271 
1255	200 
1256	242 
1257	364 
1258	185 
1259	30 
1260	184 
1261	159 
1262	359 
1263	228 
1264	290 
1265	338 
1266	78 
1267	107 
1268	342 
1269	320 
1270	135 
1271	339 
1272	67 
1273	301 
1274	53 
1275	261 
1276	309 
1277	31 
1278	298 
1279	357 
1280	13 
1281	175 
1282	251 
1283	252 
1284	191 
1285	94 
1286	107 
1287	77 
1288	42 
1289	64 
1290	125 
1291	316 
1292	77 
1293	100 
1294	200 
1295	313 
1296	265 
1297	265 
1298	50 
1299	337 
1300	199 
1301	59 
1302	2 
1303	101 
1304	240 
1305	165 
1306	270 
1307	359 
1308	13 
1309	288 
1310	94 
1311	120 
1312	18 
1313	287 
1314	196 
1315	145 
1316	35 
1317	81 
1318	111 
1319	25 
1320	228 
1321	47 
1322	332 
1323	191 
1324	1 
1325	145 
1326	215 
1327	305 
1328	17 
1329	176 
1330	288 
1331	159 
1332	8 
1333	85 
1334	225 
1335	41 
1336	106 
1337	39 
1338	85 
1339	355 
1340	330 
1341	271 
1342	274 
1343	361 
1344	210 
1345	299 
1346	159 
1347	135 
1348	19 
1349	357 
1350	191 
1351	192 
1352	295 
1353	192 
1354	240 
1355	244 
1356	228 
1357	241 
1358	107 
1359	77 
1360	101 
1361	345 
1362	77 
1363	25 
1364	364 
1365	37 
1366	298 
1367	215 
1368	104 
1369	175 
1370	147 
1371	361 
1372	330 
1373	262 
1374	134 
1375	2 
1376	69 
1377	36 
1378	96 
1379	176 
1380	2 
1381	273 
1382	235 
1383	133 
1384	112 
1385	357 
1386	90 
1387	76 
1388	110 
1389	320 
1390	152 
1391	255 
1392	352 
1393	225 
1394	1 
1395	305 
1396	240 
1397	101 
1398	102 
1399	247 
1400	363 
1401	221 
1402	141 
1403	196 
1404	77 
1405	204 
1406	187 
1407	134 
1408	87 
1409	180 
1410	120 
1411	56 
1412	74 
1413	259 
1414	39 
1415	110 
1416	51 
1417	125 
1418	199 
1419	26 
1420	209 
1421	312 
1422	39 
1423	355 
1424	302 
1425	139 
1426	190 
1427	61 
1428	120 
1429	191 
1430	242 
1431	225 
1432	227 
1433	245 
1434	184 
1435	70 
1436	94 
1437	322 
1438	327 
1439	336 
1440	359 
1441	20 
1442	125 
1443	178 
1444	125 
1445	86 
1446	195 
1447	14 
1448	38 
1449	334 
1450	261 
1451	357 
1452	140 
1453	261 
1454	96 
1455	308 
1456	113 
1457	120 
1458	97 
1459	255 
1460	338 
1461	212 
1462	125 
1463	309 
1464	158 
1465	364 
1466	345 
1467	268 
1468	339 
1469	182 
1470	248 
1471	1 
1472	329 
1473	364 
1474	120 
1475	221 
1476	126 
1477	81 
1478	187 
1479	270 
1480	85 
1481	364 
1482	195 
1483	244 
1484	58 
1485	190 
1486	94 
1487	175 
1488	87 
1489	107 
1490	286 
1491	133 
1492	324 
1493	53 
1494	116 
1495	59 
1496	93 
1497	299 
1498	16 
1499	276 
1500	51 
1501	233 
1502	223 
1503	18 
1504	236 
1505	176 
1506	258 
1507	174 
1508	165 
1509	25 
1510	27 
1511	329 
1512	287 
1513	17 
1514	266 
1515	7 
1516	238 
1517	35 
1518	49 
1519	240 
1520	110 
1521	247 
1522	207 
1523	109 
1524	126 
1525	70 
1526	81 
1527	26 
1528	196 
1529	98 
1530	96 
1531	122 
1532	288 
1533	119 
1534	46 
1535	129 
1536	13 
1537	64 
1538	79 
1539	324 
1540	354 
1541	191 
1542	28 
1543	58 
1544	288 
1545	257 
1546	247 
1547	273 
1548	357 
1549	110 
1550	202 
1551	139 
1552	334 
1553	322 
1554	37 
1555	221 
1556	345 
1557	101 
1558	38 
1559	176 
1560	228 
1561	29 
1562	318 
1563	196 
1564	264 
1565	240 
1566	127 
1567	360 
1568	240 
1569	347 
1570	210 
1571	81 
1572	157 
1573	288 
1574	47 
1575	222 
1576	107 
1577	96 
1578	268 
1579	74 
1580	25 
1581	338 
1582	166 
1583	298 
1584	19 
1585	364 
1586	127 
1587	83 
1588	247 
1589	353 
1590	94 
1591	16 
1592	336 
1593	77 
1594	96 
1595	297 
1596	79 
1597	355 
1598	90 
1599	104 
1600	125 
1601	121 
1602	301 
1603	120 
1604	316 
1605	322 
1606	247 
1607	335 
1608	308 
1609	175 
1610	18 
1611	364 
1612	125 
1613	241 
1614	59 
1615	134 
1616	196 
1617	31 
1618	223 
1619	152 
1620	294 
1621	29 
1622	227 
1623	242 
1624	342 
1625	85 
1626	281 
1627	134 
1628	153 
1629	226 
1630	109 
1631	142 
1632	236 
1633	311 
1634	327 
1635	52 
1636	188 
1637	17 
1638	134 
1639	47 
1640	305 
1641	189 
1642	15 
1643	126 
1644	141 
1645	38 
1646	87 
1647	215 
1648	280 
1649	129 
1650	227 
1651	228 
1652	363 
1653	6 
1654	165 
1655	59 
1656	290 
1657	65 
1658	1 
1659	165 
1660	135 
1661	26 
1662	246 
1663	47 
1664	174 
1665	346 
1666	363 
1667	343 
1668	246 
1669	288 
1670	187 
1671	18 
1672	184 
1673	139 
1674	168 
1675	309 
1676	76 
1677	214 
1678	134 
1679	203 
1680	132 
1681	176 
1682	238 
1683	87 
1684	76 
1685	266 
1686	241 
1687	223 
1688	323 
1689	153 
1690	332 
1691	223 
1692	113 
1693	244 
1694	1 
1695	85 
1696	161 
1697	196 
1698	42 
1699	94 
1700	302 
1701	107 
1702	334 
1703	49 
1704	82 
1705	107 
1706	352 
1707	339 
1708	322 
1709	129 
1710	57 
1711	72 
1712	338 
1713	225 
1714	36 
1715	276 
1716	59 
1717	322 
1718	125 
1719	353 
1720	127 
1721	202 
1722	181 
1723	308 
1724	238 
1725	222 
1726	265 
1727	248 
1728	248 
1729	342 
1730	228 
1731	21 
1732	74 
1733	183 
1734	227 
1735	180 
1736	196 
1737	342 
1738	176 
1739	294 
1740	64 
1741	8 
1742	308 
1743	271 
1744	364 
1745	35 
1746	110 
1747	249 
1748	129 
1749	312 
1750	126 
1751	16 
1752	355 
1753	271 
1754	310 
1755	357 
1756	81 
1757	128 
1758	6 
1759	251 
1760	134 
1761	210 
1762	215 
1763	278 
1764	222 
1765	81 
1766	163 
1767	1 
1768	39 
1769	352 
1770	23 
1771	109 
1772	295 
1773	161 
1774	358 
1775	195 
1776	116 
1777	100 
1778	193 
1779	69 
1780	223 
1781	153 
1782	135 
1783	67 
1784	166 
1785	202 
1786	157 
1787	255 
1788	57 
1789	77 
1790	87 
1791	309 
1792	152 
1793	18 
1794	153 
1795	329 
1796	332 
1797	37 
1798	78 
1799	345 
1800	20 
1801	262 
1802	126 
1803	242 
1804	74 
1805	19 
1806	319 
1807	127 
1808	315 
1809	133 
1810	252 
1811	164 
1812	32 
1813	290 
1814	200 
1815	117 
1816	227 
1817	225 
1818	324 
1819	214 
1820	47 
1821	363 
1822	241 
1823	170 
1824	31 
1825	165 
1826	251 
1827	132 
1828	355 
1829	50 
1830	309 
1831	122 
1832	23 
1833	319 
1834	281 
1835	227 
1836	227 
1837	125 
1838	360 
1839	98 
1840	137 
1841	240 
1842	37 
1843	227 
1844	1 
1845	77 
1846	175 
1847	76 
1848	299 
1849	203 
1850	350 
1851	222 
1852	262 
1853	65 
1854	129 
1855	255 
1856	288 
1857	154 
1858	81 
1859	210 
1860	324 
1861	1 
1862	13 
1863	96 
1864	130 
1865	88 
1866	94 
1867	125 
1868	44 
1869	125 
1870	110 
1871	42 
1872	2 
1873	168 
1874	214 
1875	315 
1876	173 
1877	175 
1878	193 
1879	74 
1880	31 
1881	222 
1882	29 
1883	35 
1884	191 
1885	85 
1886	87 
1887	122 
1888	151 
1889	115 
1890	87 
1891	51 
1892	110 
1893	223 
1894	215 
1895	282 
1896	345 
1897	196 
1898	309 
1899	329 
1900	101 
1901	252 
1902	156 
1903	355 
1904	305 
1905	98 
1906	13 
1907	316 
1908	364 
1909	124 
1910	222 
1911	110 
1912	343 
1913	76 
1914	334 
1915	33 
1916	309 
1917	357 
1918	311 
1919	322 
1920	67 
1921	4 
1922	203 
1923	112 
1924	273 
1925	223 
1926	114 
1927	96 
1928	46 
1929	96 
1930	47 
1931	120 
1932	261 
1933	353 
1934	1 
1935	162 
1936	195 
1937	80 
1938	27 
1939	107 
1940	14 
1941	196 
1942	127 
1943	152 
1944	316 
1945	117 
1946	14 
1947	21 
1948	241 
1949	342 
1950	320 
1951	57 
1952	67 
1953	202 
1954	214 
1955	76 
1956	234 
1957	325 
1958	336 
1959	87 
1960	87 
1961	48 
1962	352 
1963	36 
1964	326 
1965	92 
1966	19 
1967	80 
1968	122 
1969	200 
1970	143 
1971	137 
1972	222 
1973	284 
1974	332 
1975	47 
1976	18 
1977	276 
1978	334 
1979	310 
1980	87 
1981	165 
1982	15 
1983	325 
1984	68 
1985	187 
1986	345 
1987	38 
1988	264 
1989	101 
1990	134 
1991	320 
1992	2 
1993	300 
1994	332 
1995	16 
1996	135 
1997	67 
1998	177 
1999	133 
2000	259 
2001	342 
2002	38 
2003	51 
2004	103 
2005	129 
2006	110 
2007	227 
2008	261 
2009	98 
2010	357 
2011	119 
2012	135 
2013	94 
2014	18 
2015	309 
2016	223 
2017	38 
2018	37 
2019	271 
2020	110 
2021	202 
2022	94 
2023	94 
2024	85 
2025	101 
2026	132 
2027	324 
2028	47 
2029	325 
2030	180 
2031	6 
2032	176 
2033	261 
2034	167 
2035	209 
2036	26 
2037	228 
2038	77 
2039	324 
2040	214 
2041	215 
2042	332 
2043	125 
2044	160 
2045	276 
2046	274 
2047	165 
2048	19 
2049	174 
2050	276 
2051	144 
2052	314 
2053	222 
2054	262 
2055	74 
2056	75 
2057	357 
2058	59 
2059	184 
2060	96 
2061	180 
2062	250 
2063	287 
2064	18 
2065	306 
2066	65 
2067	100 
2068	363 
2069	241 
2070	340 
2071	94 
2072	241 
2073	355 
2074	338 
2075	357 
2076	169 
2077	173 
2078	268 
2079	357 
2080	350 
2081	195 
2082	134 
2083	238 
2084	147 
2085	101 
2086	101 
2087	81 
2088	200 
2089	170 
2090	13 
2091	324 
2092	125 
2093	149 
2094	186 
2095	210 
2096	170 
2097	303 
2098	143 
2099	350 
2100	119 
2101	332 
2102	346 
2103	360 
2104	311 
2105	339 
2106	122 
2107	127 
2108	241 
2109	338 
2110	308 
2111	155 
2112	248 
2113	118 
2114	176 
2115	119 
2116	1 
2117	72 
2118	311 
2119	334 
2120	249 
2121	166 
2122	240 
2123	220 
2124	175 
2125	32 
2126	128 
2127	187 
2128	53 
2129	176 
2130	262 
2131	353 
2132	145 
2133	358 
2134	262 
2135	98 
2136	282 
2137	103 
2138	358 
2139	228 
2140	202 
2141	51 
2142	276 
2143	87 
2144	126 
2145	94 
2146	244 
2147	15 
2148	187 
2149	109 
2150	319 
2151	109 
2152	65 
2153	175 
2154	245 
2155	87 
2156	243 
2157	364 
2158	120 
2159	248 
2160	310 
2161	107 
2162	245 
2163	78 
2164	276 
2165	316 
2166	67 
2167	364 
2168	357 
2169	184 
2170	294 
2171	129 
2172	303 
2173	11 
2174	268 
2175	180 
2176	64 
2177	146 
2178	107 
2179	334 
2180	77 
2181	351 
2182	77 
2183	2 
2184	355 
2185	77 
2186	157 
2187	65 
2188	52 
2189	19 
2190	360 
2191	132 
2192	139 
2193	28 
2194	129 
2195	129 
2196	227 
2197	273 
2198	227 
2199	330 
2200	7 
2201	318 
2202	221 
2203	78 
2204	352 
2205	38 
2206	305 
2207	176 
2208	73 
2209	188 
2210	328 
2211	92 
2212	16 
2213	96 
2214	165 
2215	308 
2216	332 
2217	355 
2218	7 
2219	12 
2220	165 
2221	169 
2222	244 
2223	179 
2224	47 
2225	41 
2226	119 
2227	311 
2228	355 
2229	281 
2230	18 
2231	165 
2232	155 
2233	225 
2234	16 
2235	28 
2236	122 
2237	320 
2238	113 
2239	203 
2240	349 
2241	31 
2242	13 
2243	75 
2244	94 
2245	16 
2246	17 
2247	9 
2248	348 
2249	26 
2250	54 
2251	342 
2252	118 
2253	26 
2254	270 
2255	210 
2256	55 
2257	274 
2258	338 
2259	319 
2260	308 
2261	103 
2262	51 
2263	240 
2264	126 
2265	107 
2266	309 
2267	202 
2268	5 
2269	125 
2270	2 
2271	25 
2272	320 
2273	296 
2274	203 
2275	221 
2276	16 
2277	18 
2278	252 
2279	67 
2280	133 
2281	110 
2282	257 
2283	364 
2284	342 
2285	258 
2286	273 
2287	200 
2288	165 
2289	219 
2290	103 
2291	145 
2292	364 
2293	226 
2294	118 
2295	295 
2296	360 
2297	127 
2298	334 
2299	253 
2300	309 
2301	276 
2302	249 
2303	354 
2304	133 
2305	316 
2306	262 
2307	289 
2308	59 
2309	311 
2310	101 
2311	134 
2312	8 
2313	343 
2314	176 
2315	77 
2316	4 
2317	173 
2318	357 
2319	364 
2320	110 
2321	145 
2322	226 
2323	240 
2324	115 
2325	225 
2326	273 
2327	326 
2328	297 
2329	151 
2330	336 
2331	276 
2332	80 
2333	2 
2334	78 
2335	38 
2336	42 
2337	298 
2338	363 
2339	347 
2340	96 
2341	67 
2342	135 
2343	271 
2344	195 
2345	228 
2346	250 
2347	324 
2348	100 
2349	294 
2350	122 
2351	273 
2352	39 
2353	2 
2354	77 
2355	325 
2356	126 
2357	228 
2358	64 
2359	221 
2360	339 
2361	252 
2362	204 
2363	37 
2364	311 
2365	99 
2366	228 
2367	59 
2368	324 
2369	26 
2370	275 
2371	347 
2372	225 
2373	199 
2374	274 
2375	276 
2376	165 
2377	170 
2378	170 
2379	184 
2380	288 
2381	179 
2382	80 
2383	328 
2384	220 
2385	290 
2386	363 
2387	80 
2388	58 
2389	268 
2390	119 
2391	252 
2392	276 
2393	120 
2394	166 
2395	342 
2396	175 
2397	221 
2398	26 
2399	2 
2400	156 
2401	120 
2402	336 
2403	113 
2404	322 
2405	175 
2406	345 
2407	313 
2408	221 
2409	332 
2410	324 
2411	256 
2412	345 
2413	360 
2414	78 
2415	215 
2416	324 
2417	26 
2418	228 
2419	157 
2420	22 
2421	143 
2422	271 
2423	134 
2424	175 
2425	290 
2426	191 
2427	135 
2428	293 
2429	241 
2430	309 
2431	79 
2432	243 
2433	196 
2434	25 
2435	125 
2436	160 
2437	59 
2438	40 
2439	320 
2440	19 
2441	20 
2442	176 
2443	192 
2444	223 
2445	134 
2446	203 
2447	8 
2448	214 
2449	202 
2450	180 
2451	12 
2452	47 
2453	125 
2454	96 
2455	147 
2456	76 
2457	215 
2458	324 
2459	145 
2460	347 
2461	221 
2462	196 
2463	101 
2464	26 
2465	129 
2466	193 
2467	77 
2468	334 
2469	311 
2470	355 
2471	225 
2472	158 
2473	364 
2474	87 
2475	65 
2476	113 
2477	312 
2478	155 
2479	265 
2480	240 
2481	72 
2482	26 
2483	179 
2484	283 
2485	91 
2486	17 
2487	211 
2488	271 
2489	288 
2490	101 
2491	166 
2492	312 
2493	360 
2494	196 
2495	313 
2496	16 
2497	334 
2498	203 
2499	70 
2500	137 
2501	75 
2502	107 
2503	294 
2504	342 
2505	308 
2506	309 
2507	228 
2508	156 
2509	209 
2510	195 
2511	350 
2512	51 
2513	281 
2514	341 
2515	129 
2516	268 
2517	135 
2518	18 
2519	281 
2520	110 
2521	1 
2522	196 
2523	104 
2524	19 
2525	334 
2526	276 
2527	332 
2528	240 
2529	357 
2530	175 
2531	129 
2532	274 
2533	262 
2534	107 
2535	92 
2536	359 
2537	135 
2538	110 
2539	273 
2540	125 
2541	111 
2542	350 
2543	355 
2544	360 
2545	345 
2546	74 
2547	203 
2548	157 
2549	342 
2550	146 
2551	37 
2552	247 
2553	6 
2554	321 
2555	355 
2556	238 
2557	326 
2558	178 
2559	263 
2560	324 
2561	1 
2562	244 
2563	124 
2564	202 
2565	210 
2566	22 
2567	228 
2568	290 
2569	11 
2570	20 
2571	77 
2572	295 
2573	305 
2574	66 
2575	288 
2576	235 
2577	262 
2578	180 
2579	309 
2580	276 
2581	247 
2582	131 
2583	84 
2584	353 
2585	13 
2586	96 
2587	38 
2588	339 
2589	193 
2590	364 
2591	104 
2592	19 
2593	352 
2594	51 
2595	146 
2596	248 
2597	98 
2598	215 
2599	2 
2600	11 
2601	214 
2602	336 
2603	262 
2604	87 
2605	178 
2606	180 
2607	223 
2608	129 
2609	259 
2610	218 
2611	6 
2612	228 
2613	342 
2614	125 
2615	246 
2616	77 
2617	1 
2618	101 
2619	227 
2620	129 
2621	364 
2622	294 
2623	28 
2624	13 
2625	113 
2626	136 
2627	233 
2628	1 
2629	49 
2630	357 
2631	83 
2632	70 
2633	163 
2634	228 
2635	9 
2636	249 
2637	290 
2638	228 
2639	59 
2640	18 
2641	259 
2642	301 
2643	195 
2644	355 
2645	322 
2646	72 
2647	195 
2648	190 
2649	133 
2650	262 
2651	364 
2652	87 
2653	94 
2654	6 
2655	6 
2656	178 
2657	85 
2658	274 
2659	84 
2660	135 
2661	180 
2662	16 
2663	29 
2664	268 
2665	299 
2666	214 
2667	142 
2668	13 
2669	213 
2670	96 
2671	270 
2672	22 
2673	228 
2674	298 
2675	282 
2676	176 
2677	229 
2678	180 
2679	247 
2680	320 
2681	198 
2682	357 
2683	77 
2684	165 
2685	336 
2686	324 
2687	251 
2688	210 
2689	110 
2690	355 
2691	261 
2692	318 
2693	240 
2694	85 
2695	78 
2696	214 
2697	270 
2698	263 
2699	107 
2700	216 
2701	200 
2702	202 
2703	101 
2704	2 
2705	175 
2706	305 
2707	6 
2708	298 
2709	306 
2710	83 
2711	316 
2712	135 
2713	338 
2714	210 
2715	285 
2716	322 
2717	309 
2718	270 
2719	180 
2720	165 
2721	126 
2722	48 
2723	34 
2724	185 
2725	88 
2726	77 
2727	175 
2728	133 
2729	64 
2730	53 
2731	316 
2732	81 
2733	228 
2734	241 
2735	9 
2736	193 
2737	165 
2738	53 
2739	262 
2740	271 
2741	312 
2742	103 
2743	267 
2744	122 
2745	62 
2746	103 
2747	244 
2748	192 
2749	301 
2750	107 
2751	322 
2752	110 
2753	345 
2754	215 
2755	195 
2756	281 
2757	56 
2758	353 
2759	247 
2760	212 
2761	298 
2762	178 
2763	138 
2764	2 
2765	185 
2766	320 
2767	164 
2768	352 
2769	132 
2770	170 
2771	8 
2772	241 
2773	203 
2774	288 
2775	15 
2776	205 
2777	262 
2778	357 
2779	82 
2780	357 
2781	295 
2782	120 
2783	311 
2784	16 
2785	203 
2786	309 
2787	47 
2788	225 
2789	214 
2790	151 
2791	350 
2792	176 
2793	60 
2794	248 
2795	156 
2796	180 
2797	61 
2798	312 
2799	193 
2800	165 
2801	38 
2802	193 
2803	28 
2804	359 
2805	355 
2806	214 
2807	196 
2808	177 
2809	153 
2810	8 
2811	16 
2812	53 
2813	22 
2814	240 
2815	317 
2816	227 
2817	202 
2818	228 
2819	180 
2820	17 
2821	240 
2822	19 
2823	262 
2824	175 
2825	9 
2826	24 
2827	299 
2828	277 
2829	250 
2830	342 
2831	205 
2832	2 
2833	357 
2834	39 
2835	328 
2836	31 
2837	221 
2838	196 
2839	135 
2840	176 
2841	176 
2842	340 
2843	342 
2844	29 
2845	113 
2846	28 
2847	178 
2848	65 
2849	174 
2850	355 
2851	192 
2852	95 
2853	118 
2854	308 
2855	320 
2856	225 
2857	231 
2858	110 
2859	106 
2860	224 
2861	134 
2862	93 
2863	78 
2864	26 
2865	174 
2866	327 
2867	100 
2868	180 
2869	87 
2870	339 
2871	29 
2872	288 
2873	332 
2874	355 
2875	13 
2876	120 
2877	191 
2878	176 
2879	13 
2880	19 
2881	134 
2882	190 
2883	87 
2884	240 
2885	154 
2886	140 
2887	77 
2888	13 
2889	193 
2890	336 
2891	314 
2892	357 
2893	325 
2894	141 
2895	191 
2896	30 
2897	70 
2898	247 
2899	200 
2900	238 
2901	106 
2902	22 
2903	125 
2904	203 
2905	338 
2906	215 
2907	261 
2908	194 
2909	264 
2910	344 
2911	290 
2912	297 
2913	167 
2914	153 
2915	170 
2916	262 
2917	122 
2918	332 
2919	152 
2920	276 
2921	135 
2922	187 
2923	131 
2924	125 
2925	166 
2926	364 
2927	145 
2928	273 
2929	324 
2930	343 
2931	72 
2932	165 
2933	225 
2934	224 
2935	139 
2936	135 
2937	74 
2938	241 
2939	122 
2940	341 
2941	295 
2942	322 
2943	300 
2944	13 
2945	198 
2946	287 
2947	96 
2948	265 
2949	128 
2950	288 
2951	176 
2952	319 
2953	247 
2954	249 
2955	15 
2956	176 
2957	71 
2958	122 
2959	318 
2960	125 
2961	51 
2962	22 
2963	165 
2964	192 
2965	95 
2966	334 
2967	320 
2968	57 
2969	288 
2970	65 
2971	41 
2972	26 
2973	37 
2974	37 
2975	262 
2976	246 
2977	155 
2978	229 
2979	221 
2980	187 
2981	154 
2982	47 
2983	324 
2984	296 
2985	127 
2986	290 
2987	290 
2988	59 
2989	260 
2990	317 
2991	273 
2992	320 
2993	101 
2994	324 
2995	250 
2996	13 
2997	81 
2998	73 
2999	16 
3000	77 
3001	314 
3002	278 
3003	320 
3004	107 
3005	85 
3006	1 
3007	173 
3008	238 
3009	324 
3010	27 
3011	210 
3012	75 
3013	18 
3014	129 
3015	236 
3016	87 
3017	184 
3018	223 
3019	347 
3020	195 
3021	196 
3022	107 
3023	11 
3024	222 
3025	333 
3026	175 
3027	137 
3028	16 
3029	35 
3030	318 
3031	87 
3032	74 
3033	31 
3034	202 
3035	107 
3036	152 
3037	255 
3038	94 
3039	72 
3040	297 
3041	163 
3042	104 
3043	90 
3044	65 
3045	26 
3046	253 
3047	239 
3048	105 
3049	220 
3050	87 
3051	273 
3052	241 
3053	220 
3054	342 
3055	264 
3056	360 
3057	364 
3058	210 
3059	47 
3060	202 
3061	94 
3062	345 
3063	227 
3064	94 
3065	276 
3066	324 
3067	276 
3068	13 
3069	65 
3070	65 
3071	72 
3072	77 
3073	38 
3074	155 
3075	65 
3076	26 
3077	165 
3078	249 
3079	59 
3080	345 
3081	156 
3082	355 
3083	170 
3084	104 
3085	85 
3086	122 
3087	67 
3088	314 
3089	345 
3090	15 
3091	249 
3092	295 
3093	220 
3094	221 
3095	139 
3096	207 
3097	294 
3098	183 
3099	64 
3100	8 
3101	220 
3102	87 
3103	107 
3104	74 
3105	192 
3106	155 
3107	263 
3108	87 
3109	125 
3110	87 
3111	51 
3112	209 
3113	247 
3114	358 
3115	299 
3116	107 
3117	81 
3118	92 
3119	111 
3120	101 
3121	19 
3122	152 
3123	59 
3124	28 
3125	119 
3126	280 
3127	354 
3128	195 
3129	25 
3130	240 
3131	1 
3132	6 
3133	191 
3134	223 
3135	322 
3136	122 
3137	299 
3138	174 
3139	96 
3140	258 
3141	57 
3142	264 
3143	353 
3144	130 
3145	126 
3146	228 
3147	243 
3148	271 
3149	16 
3150	194 
3151	215 
3152	181 
3153	312 
3154	122 
3155	57 
3156	336 
3157	13 
3158	98 
3159	13 
3160	222 
3161	13 
3162	87 
3163	262 
3164	241 
3165	212 
3166	223 
3167	72 
3168	104 
3169	180 
3170	342 
3171	203 
3172	49 
3173	173 
3174	37 
3175	241 
3176	145 
3177	264 
3178	26 
3179	165 
3180	195 
3181	1 
3182	305 
3183	338 
3184	94 
3185	27 
3186	233 
3187	215 
3188	94 
3189	111 
3190	37 
3191	156 
3192	294 
3193	178 
3194	205 
3195	155 
3196	209 
3197	64 
3198	361 
3199	309 
3200	70 
3201	122 
3202	270 
3203	241 
3204	141 
3205	357 
3206	221 
3207	202 
3208	6 
3209	244 
3210	208 
3211	227 
3212	77 
3213	202 
3214	135 
3215	67 
3216	322 
3217	309 
3218	242 
3219	254 
3220	134 
3221	297 
3222	165 
3223	139 
3224	94 
3225	137 
3226	59 
3227	262 
3228	37 
3229	206 
3230	320 
3231	146 
3232	158 
3233	91 
3234	107 
3235	180 
3236	232 
3237	96 
3238	189 
3239	221 
3240	62 
3241	332 
3242	72 
3243	293 
3244	221 
3245	104 
3246	2 
3247	174 
3248	125 
3249	17 
3250	38 
3251	210 
3252	2 
3253	151 
3254	8 
3255	86 
3256	210 
3257	338 
3258	30 
3259	202 
3260	308 
3261	27 
3262	221 
3263	214 
3264	80 
3265	18 
3266	308 
3267	262 
3268	204 
3269	363 
3270	264 
3271	150 
3272	141 
3273	90 
3274	156 
3275	225 
3276	90 
3277	241 
3278	291 
3279	267 
3280	244 
3281	241 
3282	321 
3283	336 
3284	235 
3285	364 
3286	18 
3287	203 
3288	108 
3289	322 
3290	65 
3291	210 
3292	199 
3293	311 
3294	70 
3295	324 
3296	8 
3297	70 
3298	199 
3299	222 
3300	53 
3301	96 
3302	74 
3303	135 
3304	16 
3305	63 
3306	44 
3307	75 
3308	352 
3309	147 
3310	72 
3311	157 
3312	81 
3313	50 
3314	271 
3315	71 
3316	358 
3317	156 
3318	192 
3319	92 
3320	31 
3321	223 
3322	244 
3323	228 
3324	113 
3325	295 
3326	227 
3327	37 
3328	180 
3329	96 
3330	14 
3331	210 
3332	22 
3333	360 
3334	179 
3335	243 
3336	324 
3337	57 
3338	332 
3339	218 
3340	49 
3341	223 
3342	8 
3343	165 
3344	294 
3345	129 
3346	26 
3347	316 
3348	273 
3349	326 
3350	316 
3351	312 
3352	17 
3353	209 
3354	78 
3355	66 
3356	329 
3357	322 
3358	347 
3359	88 
3360	74 
3361	215 
3362	100 
3363	240 
3364	110 
3365	221 
3366	204 
3367	290 
3368	215 
3369	125 
3370	85 
3371	165 
3372	210 
3373	1 
3374	107 
3375	222 
3376	77 
3377	170 
3378	126 
3379	291 
3380	262 
3381	320 
3382	98 
3383	349 
3384	175 
3385	210 
3386	145 
3387	345 
3388	364 
3389	312 
3390	27 
3391	195 
3392	274 
3393	37 
3394	70 
3395	36 
3396	298 
3397	156 
3398	122 
3399	72 
3400	276 
3401	2 
3402	175 
3403	103 
3404	70 
3405	280 
3406	351 
3407	195 
3408	57 
3409	193 
3410	165 
3411	358 
3412	53 
3413	214 
3414	338 
3415	85 
3416	53 
3417	73 
3418	46 
3419	180 
3420	301 
3421	324 
3422	235 
3423	273 
3424	175 
3425	311 
3426	323 
3427	26 
3428	328 
3429	180 
3430	346 
3431	85 
3432	179 
3433	310 
3434	139 
3435	240 
3436	261 
3437	333 
3438	212 
3439	312 
3440	140 
3441	92 
3442	202 
3443	293 
3444	72 
3445	225 
3446	13 
3447	195 
3448	87 
3449	16 
3450	87 
3451	332 
3452	84 
3453	164 
3454	180 
3455	154 
3456	357 
3457	247 
3458	19 
3459	214 
3460	53 
3461	165 
3462	98 
3463	14 
3464	242 
3465	307 
3466	180 
3467	240 
3468	26 
3469	182 
3470	227 
3471	337 
3472	290 
3473	57 
3474	345 
3475	360 
3476	198 
3477	120 
3478	342 
3479	185 
3480	262 
3481	118 
3482	347 
3483	332 
3484	274 
3485	340 
3486	301 
3487	273 
3488	250 
3489	64 
3490	76 
3491	113 
3492	252 
3493	49 
3494	58 
3495	1 
3496	94 
3497	342 
3498	176 
3499	217 
3500	87 
3501	179 
3502	326 
3503	141 
3504	147 
3505	227 
3506	347 
3507	176 
3508	240 
3509	318 
3510	87 
3511	17 
3512	29 
3513	59 
3514	185 
3515	126 
3516	193 
3517	77 
3518	59 
3519	176 
3520	227 
3521	72 
3522	355 
3523	343 
3524	245 
3525	223 
3526	219 
3527	59 
3528	138 
3529	248 
3530	288 
3531	360 
3532	104 
3533	7 
3534	238 
3535	297 
3536	48 
3537	27 
3538	64 
3539	240 
3540	18 
3541	176 
3542	274 
3543	176 
3544	202 
3545	37 
3546	215 
3547	26 
3548	360 
3549	192 
3550	122 
3551	360 
3552	338 
3553	81 
3554	199 
3555	306 
3556	113 
3557	41 
3558	204 
3559	328 
3560	220 
3561	94 
3562	70 
3563	325 
3564	87 
3565	215 
3566	225 
3567	110 
3568	87 
3569	328 
3570	325 
3571	176 
3572	227 
3573	357 
3574	355 
3575	243 
3576	256 
3577	240 
3578	273 
3579	294 
3580	46 
3581	299 
3582	305 
3583	363 
3584	214 
3585	132 
3586	36 
3587	47 
3588	81 
3589	248 
3590	78 
3591	333 
3592	174 
3593	309 
3594	322 
3595	305 
3596	240 
3597	151 
3598	188 
3599	355 
3600	221 
3601	343 
3602	316 
3603	33 
3604	74 
3605	358 
3606	190 
3607	202 
3608	180 
3609	342 
3610	277 
3611	15 
3612	320 
3613	276 
3614	11 
3615	294 
3616	203 
3617	176 
3618	125 
3619	191 
3620	244 
3621	135 
3622	70 
3623	206 
3624	329 
3625	25 
3626	364 
3627	266 
3628	240 
3629	238 
3630	17 
3631	276 
3632	85 
3633	308 
3634	77 
3635	100 
3636	35 
3637	342 
3638	282 
3639	220 
3640	27 
3641	77 
3642	96 
3643	271 
3644	199 
3645	221 
3646	11 
3647	157 
3648	169 
3649	101 
3650	85 
3651	42 
3652	305 
3653	85 
3654	127 
3655	122 
3656	120 
3657	324 
3658	332 
3659	8 
3660	273 
3661	109 
3662	230 
3663	311 
3664	165 
3665	287 
3666	70 
3667	214 
3668	87 
3669	18 
3670	165 
3671	305 
3672	241 
3673	276 
3674	72 
3675	176 
3676	240 
3677	51 
3678	309 
3679	134 
3680	206 
3681	192 
3682	175 
3683	247 
3684	357 
3685	262 
3686	305 
3687	171 
3688	122 
3689	227 
3690	6 
3691	150 
3692	298 
3693	364 
3694	85 
3695	13 
3696	65 
3697	119 
3698	317 
3699	316 
3700	47 
3701	64 
3702	122 
3703	45 
3704	355 
3705	268 
3706	228 
3707	161 
3708	135 
3709	5 
3710	332 
3711	357 
3712	32 
3713	3 
3714	166 
3715	47 
3716	65 
3717	192 
3718	223 
3719	300 
3720	185 
3721	345 
3722	312 
3723	125 
3724	342 
3725	67 
3726	6 
3727	176 
3728	324 
3729	282 
3730	279 
3731	341 
3732	238 
3733	113 
3734	157 
3735	145 
3736	143 
3737	120 
3738	18 
3739	110 
3740	268 
3741	238 
3742	228 
3743	165 
3744	215 
3745	289 
3746	185 
3747	133 
3748	87 
3749	22 
3750	2 
3751	38 
3752	175 
3753	129 
3754	156 
3755	16 
3756	236 
3757	124 
3758	74 
3759	285 
3760	139 
3761	180 
3762	261 
3763	101 
3764	324 
3765	98 
3766	2 
3767	252 
3768	312 
3769	227 
3770	298 
3771	227 
3772	117 
3773	305 
3774	176 
3775	338 
3776	72 
3777	326 
3778	195 
3779	280 
3780	125 
3781	109 
3782	196 
3783	238 
3784	336 
3785	209 
3786	16 
3787	135 
3788	359 
3789	17 
3790	165 
3791	84 
3792	72 
3793	70 
3794	222 
3795	352 
3796	333 
3797	341 
3798	256 
3799	195 
3800	81 
3801	294 
3802	345 
3803	260 
3804	288 
3805	96 
3806	111 
3807	273 
3808	295 
3809	81 
3810	113 
3811	13 
3812	184 
3813	225 
3814	176 
3815	156 
3816	129 
3817	336 
3818	255 
3819	228 
3820	244 
3821	138 
3822	202 
3823	96 
3824	355 
3825	320 
3826	96 
3827	54 
3828	42 
3829	225 
3830	66 
3831	265 
3832	338 
3833	242 
3834	336 
3835	225 
3836	100 
3837	197 
3838	280 
3839	95 
3840	110 
3841	26 
3842	26 
3843	195 
3844	259 
3845	19 
3846	165 
3847	287 
3848	118 
3849	51 
3850	330 
3851	107 
3852	83 
3853	283 
3854	244 
3855	70 
3856	241 
3857	195 
3858	120 
3859	297 
3860	214 
3861	282 
3862	10 
3863	114 
3864	252 
3865	238 
3866	205 
3867	29 
3868	181 
3869	360 
3870	332 
3871	203 
3872	193 
3873	76 
3874	123 
3875	283 
3876	224 
3877	295 
3878	15 
3879	346 
3880	336 
3881	336 
3882	37 
3883	200 
3884	261 
3885	276 
3886	205 
3887	26 
3888	6 
3889	87 
3890	242 
3891	255 
3892	225 
3893	104 
3894	215 
3895	137 
3896	65 
3897	19 
3898	94 
3899	241 
3900	70 
3901	53 
3902	23 
3903	81 
3904	187 
3905	122 
3906	101 
3907	295 
3908	308 
3909	281 
3910	272 
3911	47 
3912	209 
3913	250 
3914	155 
3915	353 
3916	360 
3917	157 
3918	128 
3919	13 
3920	360 
3921	288 
3922	336 
3923	261 
3924	308 
3925	79 
3926	262 
3927	2 
3928	308 
3929	325 
3930	276 
3931	87 
3932	292 
3933	247 
3934	271 
3935	342 
3936	70 
3937	357 
3938	281 
3939	324 
3940	81 
3941	8 
3942	173 
3943	347 
3944	111 
3945	96 
3946	51 
3947	18 
3948	155 
3949	35 
3950	25 
3951	110 
3952	290 
3953	154 
3954	62 
3955	175 
3956	320 
3957	214 
3958	248 
3959	77 
3960	309 
3961	311 
3962	18 
3963	170 
3964	198 
3965	24 
3966	123 
3967	77 
3968	313 
3969	248 
3970	16 
3971	94 
3972	156 
3973	16 
3974	17 
3975	317 
3976	295 
3977	209 
3978	119 
3979	364 
3980	271 
3981	340 
3982	332 
3983	258 
3984	86 
3985	1 
3986	17 
3987	1 
3988	301 
3989	309 
3990	364 
3991	173 
3992	16 
3993	143 
3994	194 
3995	166 
3996	65 
3997	195 
3998	96 
3999	190 
4000	129 
4001	77 
4002	338 
4003	67 
4004	96 
4005	101 
4006	2 
4007	248 
4008	29 
4009	78 
4010	332 
4011	262 
4012	235 
4013	334 
4014	94 
4015	357 
4016	180 
4017	100 
4018	271 
4019	170 
4020	112 
4021	97 
4022	161 
4023	96 
4024	110 
4025	204 
4026	165 
4027	225 
4028	122 
4029	13 
4030	89 
4031	263 
4032	228 
4033	221 
4034	240 
4035	77 
4036	129 
4037	125 
4038	345 
4039	345 
4040	202 
4041	135 
4042	202 
4043	173 
4044	145 
4045	59 
4046	323 
4047	96 
4048	320 
4049	98 
4050	274 
4051	81 
4052	298 
4053	230 
4054	318 
4055	256 
4056	37 
4057	39 
4058	308 
4059	227 
4060	31 
4061	214 
4062	282 
4063	257 
4064	299 
4065	195 
4066	223 
4067	238 
4068	113 
4069	129 
4070	175 
4071	157 
4072	113 
4073	129 
4074	16 
4075	135 
4076	202 
4077	104 
4078	311 
4079	262 
4080	195 
4081	225 
4082	302 
4083	18 
4084	328 
4085	202 
4086	172 
4087	133 
4088	276 
4089	110 
4090	129 
4091	102 
4092	85 
4093	202 
4094	268 
4095	110 
4096	210 
4097	53 
4098	332 
4099	203 
4100	76 
4101	290 
4102	155 
4103	285 
4104	176 
4105	40 
4106	210 
4107	259 
4108	78 
4109	265 
4110	332 
4111	271 
4112	363 
4113	18 
4114	342 
4115	65 
4116	220 
4117	335 
4118	98 
4119	264 
4120	17 
4121	72 
4122	49 
4123	308 
4124	1 
4125	336 
4126	22 
4127	210 
4128	272 
4129	56 
4130	49 
4131	340 
4132	76 
4133	195 
4134	180 
4135	94 
4136	87 
4137	129 
4138	282 
4139	70 
4140	343 
4141	288 
4142	134 
4143	100 
4144	104 
4145	57 
4146	223 
4147	360 
4148	175 
4149	76 
4150	242 
4151	307 
4152	94 
4153	129 
4154	227 
4155	363 
4156	209 
4157	18 
4158	104 
4159	125 
4160	227 
4161	209 
4162	325 
4163	135 
4164	141 
4165	324 
4166	350 
4167	212 
4168	101 
4169	160 
4170	362 
4171	316 
4172	39 
4173	25 
4174	87 
4175	59 
4176	175 
4177	136 
4178	157 
4179	100 
4180	26 
4181	140 
4182	45 
4183	320 
4184	7 
4185	162 
4186	79 
4187	330 
4188	110 
4189	331 
4190	175 
4191	223 
4192	224 
4193	288 
4194	65 
4195	2 
4196	316 
4197	78 
4198	103 
4199	242 
4200	226 
4201	92 
4202	157 
4203	358 
4204	221 
4205	241 
4206	248 
4207	246 
4208	203 
4209	94 
4210	77 
4211	93 
4212	352 
4213	273 
4214	195 
4215	133 
4216	104 
4217	47 
4218	354 
4219	342 
4220	127 
4221	215 
4222	293 
4223	87 
4224	199 
4225	202 
4226	70 
4227	59 
4228	18 
4229	288 
4230	165 
4231	87 
4232	350 
4233	26 
4234	272 
4235	16 
4236	101 
4237	224 
4238	127 
4239	74 
4240	109 
4241	355 
4242	64 
4243	20 
4244	267 
4245	282 
4246	188 
4247	31 
4248	47 
4249	322 
4250	130 
4251	66 
4252	2 
4253	262 
4254	180 
4255	165 
4256	166 
4257	26 
4258	175 
4259	133 
4260	152 
4261	135 
4262	96 
4263	4 
4264	74 
4265	348 
4266	222 
4267	338 
4268	101 
4269	214 
4270	156 
4271	167 
4272	194 
4273	1 
4274	307 
4275	214 
4276	139 
4277	70 
4278	299 
4279	261 
4280	39 
4281	338 
4282	77 
4283	129 
4284	247 
4285	261 
4286	8 
4287	240 
4288	226 
4289	41 
4290	26 
4291	183 
4292	355 
4293	288 
4294	152 
4295	259 
4296	195 
4297	64 
4298	77 
4299	143 
4300	252 
4301	322 
4302	253 
4303	198 
4304	343 
4305	125 
4306	252 
4307	54 
4308	70 
4309	195 
4310	334 
4311	129 
4312	229 
4313	292 
4314	355 
4315	239 
4316	39 
4317	357 
4318	192 
4319	78 
4320	336 
4321	309 
4322	18 
4323	87 
4324	113 
4325	259 
4326	49 
4327	39 
4328	92 
4329	126 
4330	57 
4331	192 
4332	184 
4333	94 
4334	309 
4335	122 
4336	352 
4337	247 
4338	225 
4339	175 
4340	13 
4341	7 
4342	15 
4343	278 
4344	360 
4345	92 
4346	199 
4347	22 
4348	64 
4349	81 
4350	203 
4351	31 
4352	13 
4353	6 
4354	346 
4355	153 
4356	17 
4357	247 
4358	154 
4359	340 
4360	320 
4361	225 
4362	210 
4363	332 
4364	309 
4365	16 
4366	87 
4367	25 
4368	221 
4369	135 
4370	62 
4371	309 
4372	76 
4373	344 
4374	214 
4375	86 
4376	135 
4377	107 
4378	93 
4379	195 
4380	239 
4381	334 
4382	139 
4383	94 
4384	64 
4385	311 
4386	101 
4387	240 
4388	187 
4389	65 
4390	19 
4391	175 
4392	196 
4393	250 
4394	203 
4395	173 
4396	211 
4397	21 
4398	309 
4399	150 
4400	100 
4401	129 
4402	94 
4403	165 
4404	345 
4405	356 
4406	193 
4407	244 
4408	202 
4409	78 
4410	60 
4411	72 
4412	141 
4413	212 
4414	1 
4415	271 
4416	176 
4417	17 
4418	118 
4419	239 
4420	36 
4421	83 
4422	346 
4423	140 
4424	273 
4425	309 
4426	181 
4427	25 
4428	137 
4429	200 
4430	299 
4431	107 
4432	241 
4433	129 
4434	51 
4435	264 
4436	70 
4437	360 
4438	113 
4439	337 
4440	194 
4441	225 
4442	165 
4443	331 
4444	71 
4445	18 
4446	96 
4447	210 
4448	204 
4449	139 
4450	6 
4451	175 
4452	288 
4453	223 
4454	273 
4455	120 
4456	334 
4457	290 
4458	59 
4459	36 
4460	101 
4461	157 
4462	273 
4463	246 
4464	141 
4465	277 
4466	1 
4467	195 
4468	227 
4469	139 
4470	340 
4471	183 
4472	204 
4473	42 
4474	350 
4475	143 
4476	276 
4477	364 
4478	215 
4479	126 
4480	13 
4481	262 
4482	16 
4483	110 
4484	313 
4485	66 
4486	244 
4487	72 
4488	78 
4489	261 
4490	257 
4491	345 
4492	120 
4493	312 
4494	360 
4495	206 
4496	355 
4497	18 
4498	364 
4499	210 
4500	99 
4501	58 
4502	135 
4503	26 
4504	134 
4505	163 
4506	17 
4507	110 
4508	70 
4509	228 
4510	143 
4511	293 
4512	364 
4513	215 
4514	227 
4515	247 
4516	163 
4517	203 
4518	59 
4519	180 
4520	119 
4521	305 
4522	16 
4523	35 
4524	332 
4525	170 
4526	38 
4527	133 
4528	47 
4529	78 
4530	271 
4531	245 
4532	241 
4533	347 
4534	47 
4535	288 
4536	135 
4537	180 
4538	214 
4539	227 
4540	67 
4541	209 
4542	39 
4543	228 
4544	280 
4545	225 
4546	135 
4547	62 
4548	248 
4549	75 
4550	38 
4551	8 
4552	39 
4553	360 
4554	358 
4555	78 
4556	135 
4557	129 
4558	93 
4559	301 
4560	100 
4561	119 
4562	227 
4563	175 
4564	8 
4565	323 
4566	223 
4567	346 
4568	342 
4569	244 
4570	288 
4571	341 
4572	261 
4573	330 
4574	342 
4575	8 
4576	309 
4577	225 
4578	127 
4579	45 
4580	355 
4581	324 
4582	229 
4583	276 
4584	295 
4585	201 
4586	336 
4587	221 
4588	315 
4589	296 
4590	122 
4591	39 
4592	233 
4593	227 
4594	26 
4595	325 
4596	329 
4597	305 
4598	324 
4599	26 
4600	122 
4601	228 
4602	39 
4603	14 
4604	133 
4605	39 
4606	35 
4607	110 
4608	48 
4609	276 
4610	262 
4611	120 
4612	47 
4613	26 
4614	305 
4615	202 
4616	364 
4617	294 
4618	134 
4619	18 
4620	336 
4621	99 
4622	57 
4623	103 
4624	240 
4625	324 
4626	153 
4627	154 
4628	39 
4629	297 
4630	150 
4631	195 
4632	146 
4633	319 
4634	352 
4635	146 
4636	80 
4637	320 
4638	129 
4639	101 
4640	299 
4641	352 
4642	345 
4643	121 
4644	336 
4645	356 
4646	57 
4647	126 
4648	26 
4649	22 
4650	68 
4651	210 
4652	107 
4653	297 
4654	47 
4655	264 
4656	71 
4657	135 
4658	316 
4659	2 
4660	18 
4661	94 
4662	219 
4663	16 
4664	40 
4665	29 
4666	329 
4667	189 
4668	209 
4669	336 
4670	310 
4671	38 
4672	311 
4673	195 
4674	214 
4675	294 
4676	295 
4677	18 
4678	143 
4679	8 
4680	227 
4681	195 
4682	236 
4683	315 
4684	58 
4685	336 
4686	311 
4687	110 
4688	180 
4689	53 
4690	262 
4691	221 
4692	134 
4693	216 
4694	174 
4695	262 
4696	217 
4697	343 
4698	294 
4699	273 
4700	324 
4701	235 
4702	185 
4703	273 
4704	100 
4705	21 
4706	16 
4707	336 
4708	98 
4709	199 
4710	195 
4711	64 
4712	100 
4713	103 
4714	85 
4715	245 
4716	197 
4717	165 
4718	114 
4719	240 
4720	233 
4721	193 
4722	183 
4723	100 
4724	25 
4725	121 
4726	308 
4727	228 
4728	134 
4729	67 
4730	107 
4731	199 
4732	195 
4733	223 
4734	1 
4735	238 
4736	2 
4737	133 
4738	276 
4739	145 
4740	355 
4741	178 
4742	98 
4743	225 
4744	119 
4745	271 
4746	122 
4747	299 
4748	297 
4749	223 
4750	359 
4751	77 
4752	25 
4753	81 
4754	357 
4755	35 
4756	77 
4757	332 
4758	223 
4759	342 
4760	347 
4761	111 
4762	16 
4763	65 
4764	13 
4765	58 
4766	317 
4767	294 
4768	147 
4769	245 
4770	18 
4771	299 
4772	111 
4773	157 
4774	107 
4775	150 
4776	225 
4777	292 
4778	153 
4779	350 
4780	57 
4781	227 
4782	202 
4783	180 
4784	231 
4785	276 
4786	309 
4787	353 
4788	262 
4789	288 
4790	120 
4791	70 
4792	149 
4793	158 
4794	352 
4795	96 
4796	338 
4797	310 
4798	9 
4799	252 
4800	122 
4801	184 
4802	206 
4803	320 
4804	31 
4805	18 
4806	162 
4807	39 
4808	64 
4809	228 
4810	246 
4811	240 
4812	236 
4813	195 
4814	350 
4815	18 
4816	18 
4817	175 
4818	196 
4819	26 
4820	334 
4821	203 
4822	190 
4823	10 
4824	17 
4825	209 
4826	249 
4827	39 
4828	192 
4829	127 
4830	59 
4831	345 
4832	87 
4833	310 
4834	324 
4835	57 
4836	134 
4837	29 
4838	193 
4839	39 
4840	87 
4841	77 
4842	324 
4843	165 
4844	215 
4845	182 
4846	44 
4847	24 
4848	90 
4849	204 
4850	113 
4851	156 
4852	115 
4853	42 
4854	85 
4855	134 
4856	255 
4857	185 
4858	354 
4859	51 
4860	178 
4861	175 
4862	59 
4863	122 
4864	230 
4865	191 
4866	298 
4867	130 
4868	176 
4869	101 
4870	261 
4871	22 
4872	217 
4873	248 
4874	214 
4875	225 
4876	145 
4877	261 
4878	265 
4879	180 
4880	1 
4881	98 
4882	76 
4883	74 
4884	156 
4885	336 
4886	94 
4887	107 
4888	338 
4889	174 
4890	162 
4891	311 
4892	64 
4893	107 
4894	195 
4895	345 
4896	1 
4897	38 
4898	113 
4899	161 
4900	15 
4901	41 
4902	33 
4903	1 
4904	25 
4905	357 
4906	312 
4907	154 
4908	2 
4909	241 
4910	345 
4911	41 
4912	16 
4913	179 
4914	47 
4915	196 
4916	117 
4917	120 
4918	262 
4919	183 
4920	187 
4921	247 
4922	273 
4923	120 
4924	238 
4925	359 
4926	222 
4927	355 
4928	75 
4929	57 
4930	215 
4931	119 
4932	215 
4933	227 
4934	100 
4935	1 
4936	284 
4937	246 
4938	165 
4939	2 
4940	74 
4941	192 
4942	15 
4943	17 
4944	135 
4945	163 
4946	87 
4947	342 
4948	330 
4949	16 
4950	35 
4951	261 
4952	96 
4953	175 
4954	274 
4955	190 
4956	25 
4957	129 
4958	37 
4959	199 
4960	203 
4961	103 
4962	305 
4963	240 
4964	358 
4965	27 
4966	27 
4967	273 
4968	210 
4969	325 
4970	37 
4971	2 
4972	320 
4973	113 
4974	40 
4975	100 
4976	334 
4977	156 
4978	187 
4979	187 
4980	129 
4981	93 
4982	64 
4983	28 
4984	339 
4985	129 
4986	299 
4987	252 
4988	156 
4989	94 
4990	40 
4991	223 
4992	120 
4993	146 
4994	340 
4995	320 
4996	158 
4997	170 
4998	222 
4999	28 
5000	261 
5001	64 
5002	178 
5003	305 
5004	175 
5005	309 
5006	31 
5007	17 
5008	333 
5009	125 
5010	271 
5011	297 
5012	285 
5013	98 
5014	178 
5015	240 
5016	271 
5017	335 
5018	207 
5019	29 
5020	90 
5021	1 
5022	145 
5023	312 
5024	90 
5025	116 
5026	134 
5027	19 
5028	241 
5029	85 
5030	172 
5031	180 
5032	204 
5033	1 
5034	321 
5035	107 
5036	85 
5037	195 
5038	276 
5039	336 
5040	274 
5041	324 
5042	87 
5043	304 
5044	87 
5045	26 
5046	2 
5047	299 
5048	309 
5049	261 
5050	225 
5051	38 
5052	294 
5053	155 
5054	16 
5055	228 
5056	272 
5057	334 
5058	322 
5059	342 
5060	311 
5061	47 
5062	158 
5063	189 
5064	353 
5065	266 
5066	51 
5067	125 
5068	39 
5069	134 
5070	53 
5071	125 
5072	191 
5073	39 
5074	223 
5075	39 
5076	112 
5077	83 
5078	261 
5079	357 
5080	126 
5081	133 
5082	202 
5083	318 
5084	187 
5085	26 
5086	85 
5087	174 
5088	147 
5089	147 
5090	360 
5091	355 
5092	244 
5093	96 
5094	214 
5095	329 
5096	195 
5097	168 
5098	225 
5099	85 
5100	30 
5101	37 
5102	126 
5103	18 
5104	122 
5105	126 
5106	330 
5107	141 
5108	176 
5109	227 
5110	77 
5111	122 
5112	316 
5113	25 
5114	135 
5115	303 
5116	85 
5117	320 
5118	244 
5119	350 
5120	110 
5121	226 
5122	190 
5123	336 
5124	19 
5125	66 
5126	357 
5127	199 
5128	345 
5129	342 
5130	193 
5131	100 
5132	309 
5133	212 
5134	305 
5135	227 
5136	340 
5137	64 
5138	262 
5139	18 
5140	339 
5141	16 
5142	210 
5143	309 
5144	87 
5145	147 
5146	279 
5147	172 
5148	215 
5149	241 
5150	192 
5151	208 
5152	184 
5153	120 
5154	353 
5155	33 
5156	267 
5157	94 
5158	247 
5159	163 
5160	245 
5161	57 
5162	247 
5163	2 
5164	50 
5165	315 
5166	332 
5167	273 
5168	86 
5169	233 
5170	225 
5171	51 
5172	265 
5173	158 
5174	360 
5175	221 
5176	206 
5177	2 
5178	164 
5179	276 
5180	89 
5181	107 
5182	158 
5183	148 
5184	165 
5185	260 
5186	210 
5187	8 
5188	357 
5189	182 
5190	126 
5191	215 
5192	125 
5193	342 
5194	137 
5195	15 
5196	129 
5197	200 
5198	305 
5199	364 
5200	134 
5201	338 
5202	188 
5203	120 
5204	47 
5205	27 
5206	8 
5207	339 
5208	70 
5209	275 
5210	319 
5211	112 
5212	56 
5213	305 
5214	284 
5215	57 
5216	318 
5217	364 
5218	216 
5219	277 
5220	214 
5221	104 
5222	118 
5223	214 
5224	53 
5225	185 
5226	31 
5227	357 
5228	242 
5229	194 
5230	77 
5231	31 
5232	110 
5233	204 
5234	1 
5235	7 
5236	223 
5237	81 
5238	346 
5239	152 
5240	358 
5241	7 
5242	166 
5243	67 
5244	290 
5245	120 
5246	137 
5247	165 
5248	241 
5249	324 
5250	278 
5251	60 
5252	16 
5253	157 
5254	137 
5255	357 
5256	115 
5257	156 
5258	89 
5259	196 
5260	200 
5261	335 
5262	165 
5263	288 
5264	322 
5265	122 
5266	228 
5267	328 
5268	273 
5269	96 
5270	144 
5271	125 
5272	119 
5273	181 
5274	227 
5275	247 
5276	94 
5277	241 
5278	180 
5279	8 
5280	77 
5281	1 
5282	320 
5283	94 
5284	202 
5285	67 
5286	16 
5287	168 
5288	233 
5289	26 
5290	174 
5291	305 
5292	240 
5293	135 
5294	364 
5295	110 
5296	17 
5297	262 
5298	221 
5299	273 
5300	18 
5301	270 
5302	165 
5303	2 
5304	261 
5305	70 
5306	59 
5307	42 
5308	357 
5309	265 
5310	136 
5311	157 
5312	193 
5313	103 
5314	135 
5315	77 
5316	357 
5317	325 
5318	287 
5319	354 
5320	273 
5321	355 
5322	311 
5323	240 
5324	357 
5325	332 
5326	227 
5327	223 
5328	122 
5329	322 
5330	113 
5331	271 
5332	199 
5333	215 
5334	350 
5335	256 
5336	143 
5337	67 
5338	134 
5339	264 
5340	357 
5341	145 
5342	76 
5343	196 
5344	41 
5345	101 
5346	78 
5347	35 
5348	252 
5349	145 
5350	97 
5351	18 
5352	125 
5353	359 
5354	137 
5355	83 
5356	320 
5357	85 
5358	47 
5359	240 
5360	332 
5361	81 
5362	274 
5363	77 
5364	173 
5365	195 
5366	8 
5367	24 
5368	41 
5369	13 
5370	58 
5371	16 
5372	156 
5373	131 
5374	110 
5375	19 
5376	18 
5377	357 
5378	345 
5379	59 
5380	344 
5381	127 
5382	300 
5383	27 
5384	94 
5385	16 
5386	180 
5387	205 
5388	101 
5389	18 
5390	173 
5391	2 
5392	271 
5393	53 
5394	196 
5395	85 
5396	36 
5397	336 
5398	281 
5399	336 
5400	360 
5401	126 
5402	276 
5403	8 
5404	332 
5405	37 
5406	101 
5407	247 
5408	324 
5409	318 
5410	199 
5411	244 
5412	210 
5413	204 
5414	16 
5415	225 
5416	329 
5417	137 
5418	364 
5419	222 
5420	26 
5421	202 
5422	165 
5423	223 
5424	87 
5425	30 
5426	184 
5427	158 
5428	222 
5429	274 
5430	8 
5431	296 
5432	364 
5433	266 
5434	248 
5435	59 
5436	225 
5437	210 
5438	40 
5439	352 
5440	78 
5441	241 
5442	223 
5443	322 
5444	2 
5445	329 
5446	110 
5447	203 
5448	195 
5449	240 
5450	244 
5451	282 
5452	316 
5453	35 
5454	209 
5455	53 
5456	8 
5457	132 
5458	242 
5459	66 
5460	120 
5461	145 
5462	180 
5463	78 
5464	342 
5465	59 
5466	170 
5467	217 
5468	32 
5469	262 
5470	141 
5471	180 
5472	322 
5473	308 
5474	64 
5475	225 
5476	127 
5477	241 
5478	2 
5479	249 
5480	57 
5481	158 
5482	48 
5483	81 
5484	221 
5485	276 
5486	293 
5487	81 
5488	194 
5489	194 
5490	25 
5491	262 
5492	322 
5493	161 
5494	47 
5495	51 
5496	197 
5497	31 
5498	37 
5499	94 
5500	233 
5501	240 
5502	333 
5503	311 
5504	247 
5505	324 
5506	210 
5507	176 
5508	15 
5509	227 
5510	146 
5511	338 
5512	210 
5513	209 
5514	105 
5515	110 
5516	324 
5517	171 
5518	179 
5519	2 
5520	141 
5521	77 
5522	209 
5523	245 
5524	310 
5525	322 
5526	356 
5527	173 
5528	192 
5529	125 
5530	265 
5531	255 
5532	154 
5533	240 
5534	319 
5535	16 
5536	227 
5537	150 
5538	261 
5539	266 
5540	103 
5541	134 
5542	261 
5543	329 
5544	161 
5545	92 
5546	125 
5547	39 
5548	290 
5549	313 
5550	122 
5551	318 
5552	13 
5553	352 
5554	339 
5555	77 
5556	297 
5557	116 
5558	226 
5559	223 
5560	299 
5561	74 
5562	144 
5563	2 
5564	67 
5565	217 
5566	195 
5567	122 
5568	355 
5569	359 
5570	282 
5571	340 
5572	170 
5573	139 
5574	224 
5575	140 
5576	190 
5577	20 
5578	276 
5579	228 
5580	338 
5581	57 
5582	180 
5583	133 
5584	355 
5585	53 
5586	295 
5587	228 
5588	311 
5589	271 
5590	7 
5591	195 
5592	241 
5593	222 
5594	320 
5595	329 
5596	185 
5597	176 
5598	70 
5599	85 
5600	165 
5601	202 
5602	225 
5603	298 
5604	35 
5605	191 
5606	28 
5607	202 
5608	262 
5609	110 
5610	37 
5611	25 
5612	198 
5613	324 
5614	352 
5615	312 
5616	63 
5617	330 
5618	38 
5619	227 
5620	184 
5621	74 
5622	322 
5623	215 
5624	173 
5625	343 
5626	224 
5627	323 
5628	256 
5629	226 
5630	85 
5631	29 
5632	18 
5633	113 
5634	113 
5635	254 
5636	225 
5637	221 
5638	238 
5639	312 
5640	362 
5641	363 
5642	206 
5643	288 
5644	127 
5645	2 
5646	338 
5647	248 
5648	158 
5649	203 
5650	324 
5651	202 
5652	61 
5653	94 
5654	223 
5655	125 
5656	265 
5657	354 
5658	350 
5659	143 
5660	265 
5661	241 
5662	17 
5663	276 
5664	347 
5665	343 
5666	77 
5667	113 
5668	288 
5669	195 
5670	135 
5671	223 
5672	273 
5673	359 
5674	227 
5675	316 
5676	150 
5677	303 
5678	342 
5679	228 
5680	232 
5681	195 
5682	16 
5683	157 
5684	133 
5685	268 
5686	161 
5687	110 
5688	130 
5689	190 
5690	87 
5691	181 
5692	355 
5693	18 
5694	165 
5695	303 
5696	334 
5697	1 
5698	249 
5699	104 
5700	40 
5701	363 
5702	191 
5703	309 
5704	364 
5705	360 
5706	77 
5707	134 
5708	270 
5709	96 
5710	191 
5711	170 
5712	273 
5713	26 
5714	29 
5715	103 
5716	139 
5717	203 
5718	269 
5719	242 
5720	135 
5721	339 
5722	71 
5723	332 
5724	163 
5725	287 
5726	81 
5727	96 
5728	120 
5729	324 
5730	151 
5731	110 
5732	176 
5733	13 
5734	207 
5735	148 
5736	264 
5737	309 
5738	100 
5739	298 
5740	110 
5741	256 
5742	352 
5743	15 
5744	241 
5745	18 
5746	30 
5747	81 
5748	113 
5749	310 
5750	334 
5751	357 
5752	287 
5753	154 
5754	1 
5755	324 
5756	119 
5757	176 
5758	110 
5759	126 
5760	276 
5761	309 
5762	26 
5763	261 
5764	243 
5765	18 
5766	245 
5767	31 
5768	77 
5769	332 
5770	279 
5771	6 
5772	31 
5773	16 
5774	125 
5775	345 
5776	141 
5777	261 
5778	37 
5779	254 
5780	153 
5781	229 
5782	154 
5783	363 
5784	242 
5785	210 
5786	196 
5787	19 
5788	353 
5789	324 
5790	1 
5791	247 
5792	353 
5793	227 
5794	249 
5795	110 
5796	29 
5797	360 
5798	100 
5799	50 
5800	70 
5801	139 
5802	191 
5803	324 
5804	143 
5805	247 
5806	325 
5807	146 
5808	247 
5809	36 
5810	62 
5811	77 
5812	178 
5813	225 
5814	240 
5815	197 
5816	238 
5817	290 
5818	39 
5819	120 
5820	307 
5821	309 
5822	264 
5823	191 
5824	200 
5825	125 
5826	153 
5827	96 
5828	80 
5829	195 
5830	107 
5831	8 
5832	298 
5833	15 
5834	126 
5835	247 
5836	265 
5837	342 
5838	236 
5839	338 
5840	126 
5841	73 
5842	298 
5843	207 
5844	79 
5845	203 
5846	210 
5847	255 
5848	184 
5849	45 
5850	240 
5851	240 
5852	273 
5853	8 
5854	202 
5855	57 
5856	58 
5857	203 
5858	141 
5859	64 
5860	294 
5861	230 
5862	1 
5863	276 
5864	184 
5865	240 
5866	261 
5867	270 
5868	210 
5869	241 
5870	136 
5871	245 
5872	274 
5873	295 
5874	180 
5875	78 
5876	53 
5877	70 
5878	271 
5879	57 
5880	122 
5881	187 
5882	151 
5883	59 
5884	305 
5885	205 
5886	94 
5887	86 
5888	13 
5889	16 
5890	227 
5891	59 
5892	92 
5893	195 
5894	141 
5895	107 
5896	25 
5897	18 
5898	189 
5899	254 
5900	149 
5901	101 
5902	355 
5903	100 
5904	249 
5905	246 
5906	278 
5907	288 
5908	87 
5909	157 
5910	352 
5911	223 
5912	321 
5913	57 
5914	246 
5915	191 
5916	323 
5917	133 
5918	17 
5919	311 
5920	273 
5921	313 
5922	281 
5923	125 
5924	225 
5925	30 
5926	180 
5927	94 
5928	77 
5929	102 
5930	212 
5931	107 
5932	128 
5933	2 
5934	282 
5935	11 
5936	256 
5937	107 
5938	132 
5939	202 
5940	119 
5941	269 
5942	176 
5943	247 
5944	19 
5945	320 
5946	209 
5947	226 
5948	261 
5949	82 
5950	149 
5951	104 
5952	13 
5953	1 
5954	165 
5955	204 
5956	340 
5957	47 
5958	347 
5959	71 
5960	342 
5961	113 
5962	342 
5963	325 
5964	285 
5965	353 
5966	77 
5967	318 
5968	26 
5969	261 
5970	3 
5971	151 
5972	215 
5973	110 
5974	257 
5975	332 
5976	72 
5977	221 
5978	53 
5979	19 
5980	191 
5981	208 
5982	23 
5983	17 
5984	210 
5985	85 
5986	352 
5987	186 
5988	92 
5989	17 
5990	244 
5991	321 
5992	238 
5993	1 
5994	241 
5995	103 
5996	113 
5997	101 
5998	170 
5999	122 
6000	286 
6001	249 
6002	1 
6003	322 
6004	92 
6005	143 
6006	347 
6007	309 
6008	130 
6009	261 
6010	110 
6011	360 
6012	130 
6013	193 
6014	227 
6015	14 
6016	334 
6017	180 
6018	322 
6019	122 
6020	25 
6021	246 
6022	98 
6023	282 
6024	333 
6025	35 
6026	262 
6027	224 
6028	125 
6029	276 
6030	8 
6031	94 
6032	19 
6033	180 
6034	16 
6035	351 
6036	74 
6037	107 
6038	18 
6039	345 
6040	284 
6041	26 
6042	338 
6043	331 
6044	177 
6045	276 
6046	298 
6047	343 
6048	59 
6049	126 
6050	18 
6051	171 
6052	195 
6053	13 
6054	350 
6055	342 
6056	327 
6057	357 
6058	320 
6059	352 
6060	280 
6061	327 
6062	241 
6063	54 
6064	311 
6065	273 
6066	294 
6067	319 
6068	219 
6069	266 
6070	153 
6071	316 
6072	210 
6073	1 
6074	352 
6075	152 
6076	210 
6077	267 
6078	288 
6079	209 
6080	256 
6081	59 
6082	257 
6083	295 
6084	38 
6085	8 
6086	166 
6087	342 
6088	126 
6089	26 
6090	2 
6091	15 
6092	214 
6093	327 
6094	11 
6095	127 
6096	65 
6097	135 
6098	261 
6099	214 
6100	41 
6101	223 
6102	100 
6103	25 
6104	271 
6105	165 
6106	295 
6107	107 
6108	334 
6109	210 
6110	57 
6111	87 
6112	104 
6113	187 
6114	221 
6115	31 
6116	94 
6117	52 
6118	316 
6119	267 
6120	25 
6121	355 
6122	297 
6123	59 
6124	221 
6125	273 
6126	276 
6127	335 
6128	65 
6129	309 
6130	104 
6131	133 
6132	228 
6133	265 
6134	70 
6135	78 
6136	78 
6137	261 
6138	26 
6139	18 
6140	217 
6141	104 
6142	63 
6143	96 
6144	145 
6145	87 
6146	154 
6147	347 
6148	36 
6149	57 
6150	172 
6151	268 
6152	141 
6153	43 
6154	192 
6155	23 
6156	29 
6157	104 
6158	83 
6159	180 
6160	352 
6161	195 
6162	218 
6163	327 
6164	134 
6165	46 
6166	240 
6167	81 
6168	53 
6169	273 
6170	4 
6171	294 
6172	129 
6173	359 
6174	66 
6175	171 
6176	356 
6177	214 
6178	110 
6179	143 
6180	129 
6181	87 
6182	25 
6183	340 
6184	78 
6185	109 
6186	305 
6187	39 
6188	96 
6189	293 
6190	271 
6191	59 
6192	57 
6193	241 
6194	158 
6195	64 
6196	27 
6197	36 
6198	247 
6199	187 
6200	193 
6201	125 
6202	135 
6203	53 
6204	244 
6205	1 
6206	274 
6207	77 
6208	305 
6209	100 
6210	27 
6211	18 
6212	13 
6213	223 
6214	357 
6215	96 
6216	109 
6217	110 
6218	96 
6219	107 
6220	165 
6221	324 
6222	141 
6223	233 
6224	206 
6225	122 
6226	77 
6227	342 
6228	225 
6229	25 
6230	281 
6231	221 
6232	210 
6233	364 
6234	153 
6235	236 
6236	58 
6237	221 
6238	357 
6239	231 
6240	240 
6241	320 
6242	212 
6243	271 
6244	298 
6245	165 
6246	308 
6247	297 
6248	96 
6249	242 
6250	15 
6251	58 
6252	356 
6253	271 
6254	96 
6255	56 
6256	1 
6257	324 
6258	353 
6259	360 
6260	196 
6261	324 
6262	129 
6263	38 
6264	270 
6265	2 
6266	355 
6267	98 
6268	295 
6269	235 
6270	96 
6271	132 
6272	270 
6273	323 
6274	70 
6275	359 
6276	32 
6277	276 
6278	103 
6279	236 
6280	180 
6281	276 
6282	332 
6283	145 
6284	318 
6285	127 
6286	13 
6287	96 
6288	22 
6289	180 
6290	228 
6291	363 
6292	141 
6293	57 
6294	180 
6295	114 
6296	137 
6297	85 
6298	347 
6299	187 
6300	96 
6301	96 
6302	77 
6303	180 
6304	7 
6305	150 
6306	334 
6307	115 
6308	94 
6309	141 
6310	127 
6311	276 
6312	25 
6313	74 
6314	178 
6315	195 
6316	221 
6317	15 
6318	299 
6319	52 
6320	270 
6321	279 
6322	338 
6323	176 
6324	233 
6325	347 
6326	362 
6327	312 
6328	224 
6329	347 
6330	297 
6331	59 
6332	113 
6333	273 
6334	340 
6335	305 
6336	64 
6337	120 
6338	5 
6339	18 
6340	67 
6341	7 
6342	215 
6343	80 
6344	19 
6345	222 
6346	100 
6347	135 
6348	176 
6349	28 
6350	345 
6351	110 
6352	320 
6353	31 
6354	135 
6355	247 
6356	110 
6357	13 
6358	70 
6359	309 
6360	122 
6361	101 
6362	53 
6363	133 
6364	360 
6365	228 
6366	77 
6367	338 
6368	176 
6369	110 
6370	196 
6371	18 
6372	13 
6373	308 
6374	81 
6375	180 
6376	26 
6377	195 
6378	261 
6379	282 
6380	236 
6381	135 
6382	192 
6383	324 
6384	100 
6385	271 
6386	161 
6387	251 
6388	128 
6389	85 
6390	364 
6391	227 
6392	94 
6393	241 
6394	204 
6395	281 
6396	87 
6397	25 
6398	92 
6399	235 
6400	96 
6401	316 
6402	125 
6403	53 
6404	153 
6405	324 
6406	271 
6407	8 
6408	227 
6409	127 
6410	74 
6411	1 
6412	122 
6413	119 
6414	85 
6415	189 
6416	355 
6417	172 
6418	309 
6419	16 
6420	303 
6421	195 
6422	47 
6423	152 
6424	276 
6425	67 
6426	262 
6427	353 
6428	130 
6429	185 
6430	150 
6431	236 
6432	77 
6433	101 
6434	7 
6435	261 
6436	199 
6437	208 
6438	322 
6439	35 
6440	192 
6441	165 
6442	143 
6443	175 
6444	328 
6445	70 
6446	244 
6447	304 
6448	139 
6449	262 
6450	125 
6451	359 
6452	25 
6453	273 
6454	131 
6455	94 
6456	19 
6457	360 
6458	104 
6459	276 
6460	334 
6461	267 
6462	358 
6463	139 
6464	58 
6465	37 
6466	37 
6467	308 
6468	139 
6469	82 
6470	65 
6471	298 
6472	110 
6473	127 
6474	125 
6475	357 
6476	57 
6477	102 
6478	25 
6479	135 
6480	342 
6481	276 
6482	24 
6483	85 
6484	27 
6485	197 
6486	219 
6487	228 
6488	141 
6489	223 
6490	241 
6491	43 
6492	49 
6493	110 
6494	322 
6495	152 
6496	19 
6497	70 
6498	94 
6499	262 
6500	143 
6501	161 
6502	13 
6503	41 
6504	170 
6505	210 
6506	195 
6507	77 
6508	43 
6509	318 
6510	246 
6511	90 
6512	15 
6513	29 
6514	313 
6515	65 
6516	316 
6517	294 
6518	222 
6519	359 
6520	155 
6521	11 
6522	241 
6523	357 
6524	274 
6525	214 
6526	72 
6527	20 
6528	85 
6529	135 
6530	322 
6531	225 
6532	126 
6533	79 
6534	304 
6535	87 
6536	161 
6537	22 
6538	253 
6539	273 
6540	192 
6541	199 
6542	85 
6543	60 
6544	133 
6545	85 
6546	299 
6547	74 
6548	261 
6549	22 
6550	338 
6551	294 
6552	70 
6553	94 
6554	356 
6555	280 
6556	132 
6557	129 
6558	136 
6559	120 
6560	339 
6561	331 
6562	352 
6563	318 
6564	93 
6565	156 
6566	339 
6567	155 
6568	132 
6569	75 
6570	67 
6571	309 
6572	109 
6573	275 
6574	30 
6575	1 
6576	58 
6577	364 
6578	165 
6579	194 
6580	144 
6581	6 
6582	299 
6583	133 
6584	305 
6585	195 
6586	249 
6587	290 
6588	221 
6589	305 
6590	247 
6591	294 
6592	305 
6593	320 
6594	195 
6595	316 
6596	216 
6597	320 
6598	25 
6599	206 
6600	157 
6601	290 
6602	96 
6603	195 
6604	67 
6605	16 
6606	1 
6607	225 
6608	362 
6609	13 
6610	184 
6611	202 
6612	126 
6613	205 
6614	37 
6615	195 
6616	203 
6617	247 
6618	210 
6619	156 
6620	294 
6621	165 
6622	182 
6623	69 
6624	290 
6625	219 
6626	233 
6627	342 
6628	214 
6629	338 
6630	202 
6631	251 
6632	86 
6633	11 
6634	317 
6635	228 
6636	258 
6637	75 
6638	122 
6639	223 
6640	119 
6641	8 
6642	187 
6643	332 
6644	214 
6645	17 
6646	222 
6647	309 
6648	105 
6649	54 
6650	212 
6651	262 
6652	26 
6653	57 
6654	175 
6655	8 
6656	311 
6657	2 
6658	346 
6659	173 
6660	202 
6661	170 
6662	29 
6663	277 
6664	78 
6665	327 
6666	129 
6667	13 
6668	282 
6669	276 
6670	258 
6671	332 
6672	96 
6673	324 
6674	127 
6675	172 
6676	225 
6677	44 
6678	143 
6679	281 
6680	221 
6681	342 
6682	197 
6683	364 
6684	202 
6685	25 
6686	332 
6687	290 
6688	155 
6689	170 
6690	242 
6691	332 
6692	92 
6693	176 
6694	23 
6695	72 
6696	184 
6697	37 
6698	256 
6699	74 
6700	129 
6701	70 
6702	288 
6703	125 
6704	12 
6705	101 
6706	262 
6707	210 
6708	8 
6709	265 
6710	191 
6711	26 
6712	27 
6713	210 
6714	87 
6715	276 
6716	118 
6717	222 
6718	187 
6719	157 
6720	305 
6721	13 
6722	104 
6723	150 
6724	338 
6725	200 
6726	12 
6727	38 
6728	327 
6729	38 
6730	98 
6731	281 
6732	53 
6733	249 
6734	1 
6735	103 
6736	36 
6737	36 
6738	28 
6739	14 
6740	26 
6741	13 
6742	189 
6743	135 
6744	24 
6745	295 
6746	202 
6747	143 
6748	62 
6749	208 
6750	262 
6751	255 
6752	107 
6753	39 
6754	7 
6755	215 
6756	72 
6757	16 
6758	288 
6759	120 
6760	110 
6761	185 
6762	241 
6763	23 
6764	62 
6765	308 
6766	51 
6767	128 
6768	322 
6769	252 
6770	113 
6771	37 
6772	126 
6773	87 
6774	110 
6775	316 
6776	210 
6777	36 
6778	221 
6779	94 
6780	16 
6781	338 
6782	248 
6783	202 
6784	261 
6785	219 
6786	245 
6787	70 
6788	64 
6789	153 
6790	312 
6791	199 
6792	340 
6793	175 
6794	195 
6795	135 
6796	238 
6797	217 
6798	29 
6799	104 
6800	316 
6801	147 
6802	26 
6803	120 
6804	17 
6805	355 
6806	271 
6807	249 
6808	309 
6809	87 
6810	13 
6811	147 
6812	175 
6813	250 
6814	322 
6815	20 
6816	185 
6817	202 
6818	137 
6819	355 
6820	119 
6821	119 
6822	122 
6823	357 
6824	262 
6825	262 
6826	345 
6827	345 
6828	27 
6829	261 
6830	175 
6831	22 
6832	16 
6833	336 
6834	180 
6835	22 
6836	11 
6837	203 
6838	107 
6839	47 
6840	261 
6841	47 
6842	77 
6843	70 
6844	332 
6845	312 
6846	210 
6847	155 
6848	30 
6849	255 
6850	125 
6851	357 
6852	309 
6853	357 
6854	72 
6855	292 
6856	313 
6857	103 
6858	111 
6859	38 
6860	326 
6861	65 
6862	222 
6863	228 
6864	123 
6865	324 
6866	271 
6867	19 
6868	153 
6869	332 
6870	63 
6871	26 
6872	198 
6873	329 
6874	207 
6875	5 
6876	53 
6877	67 
6878	96 
6879	72 
6880	31 
6881	14 
6882	203 
6883	126 
6884	119 
6885	264 
6886	203 
6887	19 
6888	134 
6889	357 
6890	32 
6891	141 
6892	147 
6893	320 
6894	166 
6895	118 
6896	29 
6897	113 
6898	129 
6899	175 
6900	120 
6901	155 
6902	2 
6903	231 
6904	210 
6905	357 
6906	261 
6907	35 
6908	308 
6909	193 
6910	214 
6911	226 
6912	104 
6913	320 
6914	70 
6915	78 
6916	32 
6917	265 
6918	101 
6919	29 
6920	174 
6921	36 
6922	59 
6923	209 
6924	132 
6925	41 
6926	336 
6927	27 
6928	342 
6929	225 
6930	14 
6931	2 
6932	14 
6933	195 
6934	146 
6935	25 
6936	125 
6937	352 
6938	265 
6939	333 
6940	271 
6941	224 
6942	221 
6943	241 
6944	101 
6945	264 
6946	87 
6947	176 
6948	101 
6949	75 
6950	178 
6951	246 
6952	154 
6953	363 
6954	318 
6955	113 
6956	321 
6957	85 
6958	22 
6959	273 
6960	244 
6961	120 
6962	66 
6963	26 
6964	87 
6965	145 
6966	308 
6967	271 
6968	113 
6969	250 
6970	228 
6971	70 
6972	210 
6973	196 
6974	264 
6975	276 
6976	135 
6977	165 
6978	355 
6979	97 
6980	324 
6981	236 
6982	94 
6983	227 
6984	245 
6985	147 
6986	96 
6987	230 
6988	320 
6989	241 
6990	354 
6991	312 
6992	60 
6993	149 
6994	127 
6995	176 
6996	347 
6997	2 
6998	224 
6999	18 
7000	272 
7001	175 
7002	305 
7003	8 
7004	267 
7005	43 
7006	236 
7007	81 
7008	235 
7009	352 
7010	67 
7011	275 
7012	18 
7013	228 
7014	321 
7015	240 
7016	319 
7017	345 
7018	129 
7019	191 
7020	264 
7021	261 
7022	322 
7023	190 
7024	158 
7025	110 
7026	204 
7027	308 
7028	156 
7029	276 
7030	67 
7031	311 
7032	171 
7033	110 
7034	8 
7035	31 
7036	81 
7037	2 
7038	355 
7039	268 
7040	135 
7041	293 
7042	7 
7043	227 
7044	219 
7045	31 
7046	101 
7047	273 
7048	147 
7049	328 
7050	113 
7051	22 
7052	176 
7053	26 
7054	320 
7055	325 
7056	26 
7057	39 
7058	80 
7059	170 
7060	127 
7061	333 
7062	238 
7063	345 
7064	22 
7065	203 
7066	310 
7067	339 
7068	309 
7069	27 
7070	174 
7071	215 
7072	122 
7073	11 
7074	358 
7075	94 
7076	81 
7077	129 
7078	13 
7079	126 
7080	26 
7081	141 
7082	264 
7083	51 
7084	71 
7085	255 
7086	281 
7087	193 
7088	16 
7089	273 
7090	171 
7091	195 
7092	141 
7093	38 
7094	196 
7095	19 
7096	309 
7097	81 
7098	293 
7099	82 
7100	87 
7101	110 
7102	165 
7103	355 
7104	190 
7105	336 
7106	25 
7107	335 
7108	316 
7109	244 
7110	129 
7111	22 
7112	210 
7113	236 
7114	157 
7115	176 
7116	204 
7117	119 
7118	176 
7119	293 
7120	308 
7121	69 
7122	92 
7123	96 
7124	13 
7125	129 
7126	33 
7127	38 
7128	176 
7129	199 
7130	101 
7131	28 
7132	125 
7133	59 
7134	272 
7135	157 
7136	21 
7137	125 
7138	165 
7139	328 
7140	210 
7141	57 
7142	258 
7143	315 
7144	30 
7145	345 
7146	241 
7147	301 
7148	228 
7149	47 
7150	126 
7151	39 
7152	339 
7153	203 
7154	36 
7155	176 
7156	364 
7157	122 
7158	268 
7159	149 
7160	195 
7161	96 
7162	64 
7163	1 
7164	223 
7165	342 
7166	230 
7167	103 
7168	221 
7169	184 
7170	268 
7171	262 
7172	250 
7173	235 
7174	240 
7175	185 
7176	2 
7177	94 
7178	70 
7179	225 
7180	342 
7181	329 
7182	352 
7183	355 
7184	183 
7185	295 
7186	127 
7187	103 
7188	357 
7189	218 
7190	76 
7191	100 
7192	101 
7193	254 
7194	14 
7195	344 
7196	290 
7197	276 
7198	42 
7199	221 
7200	2 
7201	196 
7202	133 
7203	319 
7204	196 
7205	309 
7206	315 
7207	141 
7208	338 
7209	324 
7210	309 
7211	190 
7212	8 
7213	47 
7214	228 
7215	221 
7216	16 
7217	336 
7218	200 
7219	166 
7220	228 
7221	187 
7222	113 
7223	72 
7224	18 
7225	364 
7226	87 
7227	23 
7228	133 
7229	309 
7230	227 
7231	360 
7232	287 
7233	204 
7234	52 
7235	180 
7236	334 
7237	178 
7238	178 
7239	165 
7240	199 
7241	318 
7242	224 
7243	240 
7244	271 
7245	295 
7246	273 
7247	85 
7248	311 
7249	115 
7250	308 
7251	122 
7252	195 
7253	176 
7254	200 
7255	261 
7256	81 
7257	325 
7258	215 
7259	101 
7260	13 
7261	284 
7262	80 
7263	340 
7264	26 
7265	25 
7266	276 
7267	364 
7268	309 
7269	14 
7270	327 
7271	352 
7272	22 
7273	135 
7274	118 
7275	48 
7276	273 
7277	319 
7278	157 
7279	157 
7280	120 
7281	200 
7282	165 
7283	96 
7284	195 
7285	85 
7286	299 
7287	19 
7288	156 
7289	227 
7290	155 
7291	262 
7292	3 
7293	179 
7294	242 
7295	223 
7296	49 
7297	316 
7298	182 
7299	14 
7300	252 
7301	151 
7302	228 
7303	334 
7304	240 
7305	196 
7306	276 
7307	102 
7308	28 
7309	30 
7310	316 
7311	87 
7312	334 
7313	346 
7314	187 
7315	65 
7316	273 
7317	175 
7318	103 
7319	295 
7320	335 
7321	202 
7322	227 
7323	134 
7324	165 
7325	320 
7326	175 
7327	180 
7328	77 
7329	203 
7330	355 
7331	59 
7332	101 
7333	280 
7334	288 
7335	352 
7336	312 
7337	16 
7338	346 
7339	35 
7340	26 
7341	339 
7342	270 
7343	360 
7344	57 
7345	274 
7346	309 
7347	87 
7348	13 
7349	322 
7350	244 
7351	116 
7352	39 
7353	261 
7354	271 
7355	258 
7356	38 
7357	77 
7358	364 
7359	90 
7360	358 
7361	19 
7362	77 
7363	59 
7364	316 
7365	39 
7366	1 
7367	212 
7368	215 
7369	134 
7370	271 
7371	358 
7372	37 
7373	51 
7374	133 
7375	196 
7376	66 
7377	178 
7378	218 
7379	51 
7380	320 
7381	76 
7382	180 
7383	309 
7384	157 
7385	228 
7386	174 
7387	273 
7388	276 
7389	140 
7390	56 
7391	64 
7392	187 
7393	215 
7394	23 
7395	118 
7396	16 
7397	136 
7398	196 
7399	223 
7400	196 
7401	190 
7402	64 
7403	46 
7404	110 
7405	16 
7406	150 
7407	15 
7408	126 
7409	330 
7410	340 
7411	1 
7412	225 
7413	1 
7414	262 
7415	295 
7416	127 
7417	325 
7418	206 
7419	199 
7420	7 
7421	2 
7422	51 
7423	195 
7424	241 
7425	224 
7426	222 
7427	94 
7428	334 
7429	245 
7430	225 
7431	195 
7432	247 
7433	223 
7434	127 
7435	351 
7436	81 
7437	120 
7438	77 
7439	120 
7440	264 
7441	91 
7442	20 
7443	210 
7444	287 
7445	318 
7446	316 
7447	120 
7448	199 
7449	13 
7450	343 
7451	16 
7452	342 
7453	59 
7454	295 
7455	96 
7456	171 
7457	318 
7458	312 
7459	332 
7460	126 
7461	208 
7462	265 
7463	119 
7464	30 
7465	215 
7466	262 
7467	26 
7468	76 
7469	214 
7470	309 
7471	129 
7472	332 
7473	273 
7474	312 
7475	228 
7476	206 
7477	178 
7478	226 
7479	274 
7480	33 
7481	115 
7482	224 
7483	96 
7484	154 
7485	165 
7486	38 
7487	196 
7488	221 
7489	225 
7490	350 
7491	7 
7492	70 
7493	285 
7494	14 
7495	13 
7496	119 
7497	217 
7498	271 
7499	244 
7500	197 
7501	364 
7502	129 
7503	21 
7504	115 
7505	97 
7506	215 
7507	76 
7508	332 
7509	210 
7510	157 
7511	40 
7512	53 
7513	236 
7514	175 
7515	318 
7516	309 
7517	238 
7518	78 
7519	364 
7520	196 
7521	135 
7522	196 
7523	277 
7524	225 
7525	14 
7526	23 
7527	207 
7528	150 
7529	122 
7530	176 
7531	267 
7532	191 
7533	338 
7534	332 
7535	120 
7536	183 
7537	35 
7538	273 
7539	125 
7540	238 
7541	25 
7542	355 
7543	241 
7544	19 
7545	28 
7546	360 
7547	203 
7548	179 
7549	38 
7550	25 
7551	311 
7552	195 
7553	22 
7554	225 
7555	85 
7556	15 
7557	325 
7558	202 
7559	310 
7560	101 
7561	199 
7562	331 
7563	184 
7564	2 
7565	45 
7566	80 
7567	122 
7568	165 
7569	81 
7570	14 
7571	104 
7572	321 
7573	175 
7574	210 
7575	122 
7576	309 
7577	202 
7578	336 
7579	174 
7580	352 
7581	98 
7582	325 
7583	358 
7584	69 
7585	128 
7586	247 
7587	103 
7588	252 
7589	212 
7590	311 
7591	199 
7592	94 
7593	242 
7594	200 
7595	128 
7596	338 
7597	30 
7598	206 
7599	271 
7600	220 
7601	311 
7602	276 
7603	345 
7604	46 
7605	245 
7606	357 
7607	252 
7608	209 
7609	299 
7610	1 
7611	192 
7612	178 
7613	264 
7614	353 
7615	312 
7616	273 
7617	71 
7618	355 
7619	59 
7620	339 
7621	318 
7622	316 
7623	299 
7624	190 
7625	226 
7626	14 
7627	200 
7628	19 
7629	170 
7630	360 
7631	336 
7632	25 
7633	60 
7634	42 
7635	299 
7636	261 
7637	154 
7638	101 
7639	11 
7640	175 
7641	314 
7642	272 
7643	120 
7644	298 
7645	119 
7646	132 
7647	2 
7648	195 
7649	175 
7650	276 
7651	140 
7652	344 
7653	64 
7654	70 
7655	355 
7656	203 
7657	295 
7658	56 
7659	309 
7660	126 
7661	340 
7662	146 
7663	179 
7664	165 
7665	1 
7666	338 
7667	297 
7668	336 
7669	352 
7670	334 
7671	248 
7672	220 
7673	135 
7674	209 
7675	215 
7676	107 
7677	334 
7678	85 
7679	187 
7680	355 
7681	355 
7682	100 
7683	205 
7684	128 
7685	127 
7686	210 
7687	202 
7688	357 
7689	16 
7690	72 
7691	228 
7692	222 
7693	196 
7694	225 
7695	325 
7696	18 
7697	265 
7698	85 
7699	294 
7700	309 
7701	122 
7702	75 
7703	352 
7704	122 
7705	324 
7706	199 
7707	215 
7708	271 
7709	334 
7710	132 
7711	210 
7712	303 
7713	346 
7714	290 
7715	6 
7716	125 
7717	130 
7718	74 
7719	104 
7720	59 
7721	77 
7722	245 
7723	74 
7724	252 
7725	233 
7726	273 
7727	87 
7728	181 
7729	37 
7730	27 
7731	264 
7732	355 
7733	35 
7734	244 
7735	2 
7736	290 
7737	127 
7738	100 
7739	345 
7740	329 
7741	175 
7742	1 
7743	15 
7744	336 
7745	65 
7746	256 
7747	357 
7748	94 
7749	359 
7750	308 
7751	96 
7752	187 
7753	336 
7754	238 
7755	297 
7756	352 
7757	196 
7758	241 
7759	96 
7760	59 
7761	126 
7762	134 
7763	240 
7764	26 
7765	326 
7766	320 
7767	52 
7768	288 
7769	59 
7770	274 
7771	299 
7772	276 
7773	13 
7774	77 
7775	311 
7776	38 
7777	332 
7778	223 
7779	360 
7780	18 
7781	103 
7782	25 
7783	157 
7784	305 
7785	1 
7786	352 
7787	175 
7788	120 
7789	122 
7790	357 
7791	19 
7792	328 
7793	210 
7794	178 
7795	133 
7796	311 
7797	215 
7798	110 
7799	122 
7800	271 
7801	94 
7802	227 
7803	277 
7804	19 
7805	241 
7806	261 
7807	135 
7808	176 
7809	100 
7810	318 
7811	38 
7812	190 
7813	127 
7814	31 
7815	161 
7816	111 
7817	225 
7818	141 
7819	166 
7820	311 
7821	39 
7822	240 
7823	129 
7824	360 
7825	245 
7826	2 
7827	192 
7828	96 
7829	277 
7830	116 
7831	18 
7832	96 
7833	276 
7834	267 
7835	94 
7836	352 
7837	156 
7838	143 
7839	249 
7840	11 
7841	20 
7842	325 
7843	82 
7844	350 
7845	58 
7846	38 
7847	27 
7848	134 
7849	352 
7850	81 
7851	271 
7852	18 
7853	64 
7854	135 
7855	360 
7856	74 
7857	180 
7858	200 
7859	87 
7860	77 
7861	221 
7862	80 
7863	30 
7864	336 
7865	82 
7866	17 
7867	3 
7868	22 
7869	322 
7870	1 
7871	26 
7872	187 
7873	37 
7874	314 
7875	134 
7876	25 
7877	153 
7878	358 
7879	190 
7880	215 
7881	141 
7882	250 
7883	196 
7884	70 
7885	72 
7886	225 
7887	42 
7888	38 
7889	364 
7890	156 
7891	137 
7892	355 
7893	8 
7894	354 
7895	325 
7896	17 
7897	31 
7898	271 
7899	298 
7900	266 
7901	288 
7902	101 
7903	87 
7904	119 
7905	22 
7906	180 
7907	357 
7908	172 
7909	122 
7910	172 
7911	204 
7912	196 
7913	299 
7914	322 
7915	154 
7916	96 
7917	295 
7918	308 
7919	298 
7920	83 
7921	270 
7922	104 
7923	221 
7924	334 
7925	103 
7926	330 
7927	100 
7928	52 
7929	156 
7930	301 
7931	252 
7932	13 
7933	352 
7934	129 
7935	134 
7936	195 
7937	45 
7938	120 
7939	288 
7940	39 
7941	228 
7942	122 
7943	271 
7944	358 
7945	262 
7946	2 
7947	11 
7948	255 
7949	113 
7950	342 
7951	104 
7952	317 
7953	39 
7954	135 
7955	251 
7956	94 
7957	191 
7958	255 
7959	222 
7960	110 
7961	135 
7962	240 
7963	346 
7964	165 
7965	190 
7966	357 
7967	248 
7968	280 
7969	271 
7970	58 
7971	98 
7972	314 
7973	178 
7974	157 
7975	294 
7976	305 
7977	346 
7978	165 
7979	47 
7980	113 
7981	26 
7982	2 
7983	217 
7984	336 
7985	120 
7986	268 
7987	341 
7988	245 
7989	78 
7990	321 
7991	81 
7992	175 
7993	248 
7994	64 
7995	6 
7996	228 
7997	107 
7998	227 
7999	14 
8000	214 
8001	96 
8002	134 
8003	334 
8004	215 
8005	221 
8006	246 
8007	100 
8008	92 
8009	13 
8010	120 
8011	157 
8012	110 
8013	251 
8014	96 
8015	125 
8016	250 
8017	187 
8018	280 
8019	156 
8020	120 
8021	241 
8022	65 
8023	327 
8024	223 
8025	67 
8026	247 
8027	240 
8028	153 
8029	313 
8030	63 
8031	230 
8032	176 
8033	30 
8034	195 
8035	320 
8036	203 
8037	244 
8038	332 
8039	16 
8040	309 
8041	6 
8042	202 
8043	118 
8044	222 
8045	242 
8046	248 
8047	77 
8048	355 
8049	215 
8050	57 
8051	355 
8052	204 
8053	241 
8054	141 
8055	210 
8056	96 
8057	135 
8058	235 
8059	364 
8060	290 
8061	81 
8062	265 
8063	182 
8064	339 
8065	85 
8066	176 
8067	345 
8068	16 
8069	174 
8070	334 
8071	156 
8072	78 
8073	282 
8074	2 
8075	87 
8076	228 
8077	195 
8078	297 
8079	309 
8080	288 
8081	308 
8082	210 
8083	245 
8084	2 
8085	126 
8086	64 
8087	207 
8088	81 
8089	295 
8090	353 
8091	17 
8092	325 
8093	303 
8094	331 
8095	185 
8096	350 
8097	49 
8098	305 
8099	32 
8100	155 
8101	199 
8102	324 
8103	47 
8104	19 
8105	357 
8106	78 
8107	8 
8108	319 
8109	5 
8110	118 
8111	77 
8112	166 
8113	29 
8114	127 
8115	111 
8116	59 
8117	347 
8118	37 
8119	288 
8120	318 
8121	18 
8122	39 
8123	357 
8124	8 
8125	113 
8126	189 
8127	125 
8128	267 
8129	233 
8130	7 
8131	64 
8132	221 
8133	244 
8134	139 
8135	332 
8136	223 
8137	22 
8138	325 
8139	311 
8140	332 
8141	364 
8142	115 
8143	151 
8144	222 
8145	363 
8146	194 
8147	101 
8148	57 
8149	333 
8150	118 
8151	330 
8152	252 
8153	252 
8154	135 
8155	173 
8156	1 
8157	135 
8158	132 
8159	221 
8160	127 
8161	100 
8162	78 
8163	173 
8164	1 
8165	120 
8166	244 
8167	120 
8168	119 
8169	58 
8170	79 
8171	39 
8172	42 
8173	225 
8174	120 
8175	264 
8176	81 
8177	355 
8178	78 
8179	135 
8180	342 
8181	127 
8182	312 
8183	96 
8184	314 
8185	70 
8186	165 
8187	247 
8188	329 
8189	81 
8190	70 
8191	210 
8192	110 
8193	80 
8194	129 
8195	295 
8196	324 
8197	356 
8198	206 
8199	264 
8200	49 
8201	225 
8202	295 
8203	129 
8204	1 
8205	338 
8206	322 
8207	203 
8208	308 
8209	87 
8210	83 
8211	241 
8212	127 
8213	27 
8214	90 
8215	29 
8216	16 
8217	196 
8218	297 
8219	322 
8220	8 
8221	176 
8222	16 
8223	200 
8224	96 
8225	261 
8226	154 
8227	129 
8228	101 
8229	223 
8230	180 
8231	122 
8232	101 
8233	355 
8234	255 
8235	223 
8236	1 
8237	210 
8238	347 
8239	309 
8240	228 
8241	311 
8242	355 
8243	347 
8244	80 
8245	358 
8246	111 
8247	165 
8248	107 
8249	81 
8250	165 
8251	322 
8252	18 
8253	308 
8254	127 
8255	67 
8256	147 
8257	322 
8258	153 
8259	261 
8260	120 
8261	342 
8262	137 
8263	26 
8264	308 
8265	247 
8266	332 
8267	332 
8268	238 
8269	308 
8270	273 
8271	120 
8272	96 
8273	110 
8274	276 
8275	158 
8276	203 
8277	134 
8278	287 
8279	347 
8280	309 
8281	16 
8282	320 
8283	59 
8284	126 
8285	129 
8286	59 
8287	2 
8288	308 
8289	202 
8290	320 
8291	187 
8292	238 
8293	303 
8294	311 
8295	339 
8296	342 
8297	245 
8298	225 
8299	248 
8300	180 
8301	87 
8302	190 
8303	27 
8304	113 
8305	143 
8306	134 
8307	27 
8308	100 
8309	265 
8310	120 
8311	325 
8312	259 
8313	92 
8314	1 
8315	74 
8316	288 
8317	101 
8318	316 
8319	355 
8320	262 
8321	225 
8322	288 
8323	126 
8324	196 
8325	53 
8326	104 
8327	13 
8328	64 
8329	273 
8330	293 
8331	166 
8332	70 
8333	191 
8334	334 
8335	154 
8336	189 
8337	340 
8338	195 
8339	94 
8340	227 
8341	8 
8342	166 
8343	133 
8344	276 
8345	67 
8346	110 
8347	242 
8348	223 
8349	249 
8350	193 
8351	342 
8352	345 
8353	332 
8354	132 
8355	1 
8356	23 
8357	18 
8358	127 
8359	316 
8360	329 
8361	192 
8362	281 
8363	227 
8364	98 
8365	74 
8366	247 
8367	26 
8368	227 
8369	342 
8370	120 
8371	322 
8372	340 
8373	282 
8374	17 
8375	77 
8376	320 
8377	122 
8378	200 
8379	165 
8380	227 
8381	2 
8382	210 
8383	70 
8384	13 
8385	276 
8386	288 
8387	133 
8388	226 
8389	77 
8390	13 
8391	196 
8392	25 
8393	254 
8394	67 
8395	329 
8396	87 
8397	214 
8398	175 
8399	143 
8400	203 
8401	344 
8402	310 
8403	276 
8404	100 
8405	334 
8406	190 
8407	87 
8408	316 
8409	165 
8410	147 
8411	209 
8412	325 
8413	2 
8414	273 
8415	238 
8416	120 
8417	267 
8418	203 
8419	38 
8420	273 
8421	271 
8422	217 
8423	282 
8424	290 
8425	137 
8426	39 
8427	90 
8428	355 
8429	125 
8430	96 
8431	227 
8432	96 
8433	180 
8434	210 
8435	238 
8436	173 
8437	364 
8438	36 
8439	81 
8440	2 
8441	49 
8442	40 
8443	29 
8444	147 
8445	194 
8446	316 
8447	184 
8448	240 
8449	199 
8450	195 
8451	128 
8452	345 
8453	360 
8454	258 
8455	288 
8456	157 
8457	325 
8458	245 
8459	128 
8460	185 
8461	247 
8462	262 
8463	357 
8464	107 
8465	35 
8466	295 
8467	350 
8468	355 
8469	299 
8470	107 
8471	290 
8472	76 
8473	101 
8474	240 
8475	318 
8476	294 
8477	141 
8478	240 
8479	87 
8480	77 
8481	141 
8482	240 
8483	207 
8484	87 
8485	16 
8486	240 
8487	248 
8488	38 
8489	338 
8490	94 
8491	13 
8492	250 
8493	324 
8494	94 
8495	182 
8496	13 
8497	244 
8498	57 
8499	209 
8500	87 
8501	179 
8502	360 
8503	274 
8504	176 
8505	187 
8506	340 
8507	247 
8508	173 
8509	81 
8510	77 
8511	276 
8512	128 
8513	42 
8514	354 
8515	128 
8516	150 
8517	70 
8518	64 
8519	67 
8520	305 
8521	180 
8522	173 
8523	241 
8524	120 
8525	145 
8526	18 
8527	352 
8528	83 
8529	17 
8530	26 
8531	119 
8532	18 
8533	180 
8534	236 
8535	58 
8536	100 
8537	153 
8538	199 
8539	244 
8540	38 
8541	227 
8542	17 
8543	13 
8544	101 
8545	39 
8546	26 
8547	230 
8548	271 
8549	215 
8550	339 
8551	316 
8552	175 
8553	297 
8554	247 
8555	110 
8556	178 
8557	210 
8558	364 
8559	224 
8560	101 
8561	271 
8562	209 
8563	145 
8564	154 
8565	197 
8566	161 
8567	1 
8568	225 
8569	158 
8570	155 
8571	65 
8572	11 
8573	298 
8574	276 
8575	312 
8576	360 
8577	128 
8578	180 
8579	71 
8580	308 
8581	342 
8582	204 
8583	223 
8584	8 
8585	329 
8586	347 
8587	143 
8588	15 
8589	316 
8590	174 
8591	152 
8592	145 
8593	261 
8594	196 
8595	309 
8596	288 
8597	85 
8598	352 
8599	165 
8600	342 
8601	271 
8602	202 
8603	324 
8604	101 
8605	353 
8606	273 
8607	360 
8608	8 
8609	184 
8610	261 
8611	318 
8612	259 
8613	195 
8614	143 
8615	94 
8616	355 
8617	327 
8618	338 
8619	241 
8620	65 
8621	210 
8622	161 
8623	27 
8624	318 
8625	18 
8626	215 
8627	122 
8628	249 
8629	309 
8630	173 
8631	262 
8632	119 
8633	320 
8634	193 
8635	176 
8636	214 
8637	248 
8638	153 
8639	227 
8640	191 
8641	19 
8642	228 
8643	107 
8644	228 
8645	176 
8646	154 
8647	332 
8648	261 
8649	322 
8650	276 
8651	251 
8652	294 
8653	98 
8654	228 
8655	145 
8656	325 
8657	360 
8658	115 
8659	342 
8660	87 
8661	247 
8662	57 
8663	287 
8664	166 
8665	262 
8666	288 
8667	135 
8668	271 
8669	92 
8670	165 
8671	225 
8672	125 
8673	195 
8674	18 
8675	318 
8676	258 
8677	344 
8678	115 
8679	328 
8680	294 
8681	37 
8682	67 
8683	87 
8684	355 
8685	258 
8686	227 
8687	359 
8688	59 
8689	26 
8690	174 
8691	103 
8692	72 
8693	94 
8694	227 
8695	92 
8696	228 
8697	1 
8698	310 
8699	65 
8700	151 
8701	299 
8702	202 
8703	98 
8704	2 
8705	125 
8706	104 
8707	276 
8708	94 
8709	135 
8710	22 
8711	78 
8712	15 
8713	297 
8714	266 
8715	110 
8716	190 
8717	276 
8718	100 
8719	329 
8720	324 
8721	355 
8722	31 
8723	81 
8724	11 
8725	31 
8726	281 
8727	8 
8728	70 
8729	245 
8730	176 
8731	26 
8732	27 
8733	227 
8734	273 
8735	223 
8736	110 
8737	353 
8738	200 
8739	85 
8740	187 
8741	214 
8742	74 
8743	16 
8744	38 
8745	311 
8746	38 
8747	334 
8748	355 
8749	225 
8750	35 
8751	336 
8752	133 
8753	26 
8754	77 
8755	242 
8756	274 
8757	96 
8758	247 
8759	238 
8760	204 
8761	53 
8762	135 
8763	163 
8764	107 
8765	316 
8766	340 
8767	325 
8768	345 
8769	13 
8770	342 
8771	98 
8772	110 
8773	82 
8774	246 
8775	305 
8776	271 
8777	156 
8778	274 
8779	355 
8780	282 
8781	241 
8782	273 
8783	316 
8784	215 
8785	363 
8786	226 
8787	30 
8788	26 
8789	264 
8790	125 
8791	13 
8792	227 
8793	74 
8794	357 
8795	122 
8796	173 
8797	191 
8798	222 
8799	180 
8800	345 
8801	355 
8802	364 
8803	122 
8804	16 
8805	57 
8806	174 
8807	65 
8808	100 
8809	273 
8810	150 
8811	179 
8812	70 
8813	196 
8814	352 
8815	141 
8816	295 
8817	77 
8818	165 
8819	241 
8820	308 
8821	224 
8822	271 
8823	135 
8824	135 
8825	360 
8826	103 
8827	135 
8828	140 
8829	193 
8830	312 
8831	30 
8832	221 
8833	215 
8834	65 
8835	203 
8836	248 
8837	1 
8838	35 
8839	230 
8840	19 
8841	145 
8842	280 
8843	150 
8844	184 
8845	113 
8846	295 
8847	101 
8848	236 
8849	301 
8850	107 
8851	340 
8852	72 
8853	146 
8854	125 
8855	173 
8856	178 
8857	126 
8858	227 
8859	67 
8860	153 
8861	176 
8862	81 
8863	1 
8864	196 
8865	222 
8866	1 
8867	165 
8868	214 
8869	202 
8870	37 
8871	20 
8872	358 
8873	195 
8874	196 
8875	1 
8876	74 
8877	185 
8878	13 
8879	247 
8880	7 
8881	161 
8882	288 
8883	191 
8884	312 
8885	104 
8886	37 
8887	158 
8888	222 
8889	256 
8890	179 
8891	338 
8892	332 
8893	135 
8894	247 
8895	64 
8896	346 
8897	185 
8898	321 
8899	8 
8900	295 
8901	147 
8902	185 
8903	360 
8904	145 
8905	271 
8906	338 
8907	139 
8908	94 
8909	80 
8910	261 
8911	238 
8912	322 
8913	2 
8914	214 
8915	311 
8916	13 
8917	13 
8918	248 
8919	107 
8920	98 
8921	1 
8922	37 
8923	308 
8924	347 
8925	355 
8926	358 
8927	324 
8928	324 
8929	203 
8930	354 
8931	309 
8932	101 
8933	195 
8934	354 
8935	290 
8936	316 
8937	329 
8938	65 
8939	64 
8940	16 
8941	65 
8942	195 
8943	180 
8944	223 
8945	252 
8946	25 
8947	262 
8948	364 
8949	221 
8950	85 
8951	357 
8952	26 
8953	224 
8954	67 
8955	1 
8956	107 
8957	264 
8958	274 
8959	225 
8960	42 
8961	122 
8962	236 
8963	262 
8964	359 
8965	339 
8966	297 
8967	236 
8968	357 
8969	250 
8970	184 
8971	309 
8972	157 
8973	364 
8974	67 
8975	35 
8976	288 
8977	350 
8978	242 
8979	224 
8980	11 
8981	70 
8982	161 
8983	223 
8984	16 
8985	101 
8986	14 
8987	28 
8988	305 
8989	334 
8990	223 
8991	310 
8992	100 
8993	19 
8994	13 
8995	71 
8996	196 
8997	26 
8998	129 
8999	276 
9000	190 
9001	22 
9002	221 
9003	115 
9004	240 
9005	276 
9006	15 
9007	37 
9008	173 
9009	238 
9010	51 
9011	77 
9012	157 
9013	261 
9014	135 
9015	100 
9016	96 
9017	196 
9018	322 
9019	228 
9020	221 
9021	19 
9022	299 
9023	336 
9024	77 
9025	264 
9026	244 
9027	49 
9028	2 
9029	42 
9030	118 
9031	347 
9032	87 
9033	334 
9034	195 
9035	357 
9036	57 
9037	191 
9038	338 
9039	25 
9040	13 
9041	324 
9042	252 
9043	299 
9044	30 
9045	297 
9046	176 
9047	59 
9048	241 
9049	139 
9050	357 
9051	240 
9052	353 
9053	126 
9054	210 
9055	23 
9056	346 
9057	202 
9058	165 
9059	332 
9060	276 
9061	100 
9062	324 
9063	347 
9064	8 
9065	2 
9066	321 
9067	1 
9068	143 
9069	195 
9070	1 
9071	282 
9072	334 
9073	334 
9074	199 
9075	276 
9076	18 
9077	258 
9078	113 
9079	203 
9080	295 
9081	347 
9082	156 
9083	223 
9084	1 
9085	103 
9086	157 
9087	357 
9088	204 
9089	110 
9090	288 
9091	191 
9092	147 
9093	17 
9094	107 
9095	8 
9096	40 
9097	101 
9098	363 
9099	264 
9100	236 
9101	299 
9102	134 
9103	25 
9104	191 
9105	316 
9106	223 
9107	332 
9108	276 
9109	308 
9110	180 
9111	173 
9112	209 
9113	236 
9114	143 
9115	280 
9116	96 
9117	120 
9118	87 
9119	204 
9120	357 
9121	271 
9122	76 
9123	111 
9124	324 
9125	225 
9126	100 
9127	264 
9128	204 
9129	18 
9130	126 
9131	228 
9132	120 
9133	192 
9134	64 
9135	204 
9136	273 
9137	165 
9138	38 
9139	276 
9140	101 
9141	70 
9142	332 
9143	261 
9144	187 
9145	110 
9146	110 
9147	122 
9148	120 
9149	17 
9150	221 
9151	255 
9152	244 
9153	147 
9154	22 
9155	247 
9156	343 
9157	276 
9158	92 
9159	339 
9160	191 
9161	325 
9162	273 
9163	135 
9164	113 
9165	143 
9166	224 
9167	225 
9168	242 
9169	67 
9170	236 
9171	20 
9172	338 
9173	107 
9174	264 
9175	38 
9176	347 
9177	252 
9178	113 
9179	227 
9180	75 
9181	78 
9182	336 
9183	42 
9184	85 
9185	288 
9186	85 
9187	170 
9188	295 
9189	57 
9190	268 
9191	65 
9192	311 
9193	8 
9194	200 
9195	104 
9196	261 
9197	174 
9198	14 
9199	94 
9200	249 
9201	122 
9202	313 
9203	25 
9204	65 
9205	334 
9206	359 
9207	154 
9208	215 
9209	104 
9210	245 
9211	228 
9212	184 
9213	1 
9214	214 
9215	276 
9216	2 
9217	202 
9218	27 
9219	67 
9220	76 
9221	13 
9222	247 
9223	274 
9224	261 
9225	309 
9226	261 
9227	240 
9228	305 
9229	22 
9230	27 
9231	345 
9232	157 
9233	180 
9234	240 
9235	210 
9236	221 
9237	118 
9238	187 
9239	13 
9240	346 
9241	187 
9242	360 
9243	225 
9244	355 
9245	271 
9246	59 
9247	78 
9248	334 
9249	352 
9250	134 
9251	214 
9252	94 
9253	65 
9254	312 
9255	247 
9256	72 
9257	104 
9258	298 
9259	175 
9260	225 
9261	241 
9262	325 
9263	240 
9264	94 
9265	176 
9266	309 
9267	273 
9268	322 
9269	27 
9270	157 
9271	155 
9272	180 
9273	324 
9274	87 
9275	298 
9276	38 
9277	225 
9278	18 
9279	250 
9280	355 
9281	134 
9282	175 
9283	357 
9284	360 
9285	127 
9286	225 
9287	57 
9288	282 
9289	180 
9290	273 
9291	76 
9292	247 
9293	145 
9294	19 
9295	210 
9296	199 
9297	363 
9298	360 
9299	347 
9300	143 
9301	336 
9302	35 
9303	70 
9304	316 
9305	342 
9306	195 
9307	352 
9308	87 
9309	240 
9310	22 
9311	8 
9312	265 
9313	298 
9314	342 
9315	305 
9316	221 
9317	318 
9318	273 
9319	227 
9320	308 
9321	125 
9322	295 
9323	179 
9324	137 
9325	13 
9326	110 
9327	178 
9328	203 
9329	271 
9330	165 
9331	59 
9332	240 
9333	364 
9334	120 
9335	94 
9336	322 
9337	350 
9338	184 
9339	87 
9340	101 
9341	165 
9342	324 
9343	25 
9344	288 
9345	119 
9346	244 
9347	252 
9348	273 
9349	16 
9350	236 
9351	209 
9352	100 
9353	100 
9354	80 
9355	126 
9356	225 
9357	19 
9358	8 
9359	196 
9360	308 
9361	67 
9362	127 
9363	176 
9364	65 
9365	276 
9366	179 
9367	222 
9368	206 
9369	170 
9370	312 
9371	246 
9372	26 
9373	53 
9374	85 
9375	126 
9376	47 
9377	1 
9378	35 
9379	180 
9380	350 
9381	113 
9382	311 
9383	346 
9384	290 
9385	156 
9386	309 
9387	1 
9388	27 
9389	322 
9390	202 
9391	200 
9392	271 
9393	39 
9394	247 
9395	282 
9396	210 
9397	338 
9398	202 
9399	273 
9400	127 
9401	196 
9402	206 
9403	57 
9404	170 
9405	134 
9406	247 
9407	107 
9408	64 
9409	225 
9410	339 
9411	17 
9412	242 
9413	70 
9414	357 
9415	261 
9416	76 
9417	16 
9418	120 
9419	334 
9420	191 
9421	16 
9422	342 
9423	214 
9424	342 
9425	225 
9426	157 
9427	261 
9428	101 
9429	39 
9430	70 
9431	311 
9432	85 
9433	196 
9434	134 
9435	135 
9436	6 
9437	305 
9438	19 
9439	92 
9440	214 
9441	248 
9442	135 
9443	308 
9444	132 
9445	248 
9446	8 
9447	209 
9448	157 
9449	125 
9450	287 
9451	107 
9452	8 
9453	51 
9454	203 
9455	252 
9456	70 
9457	364 
9458	332 
9459	210 
9460	59 
9461	137 
9462	247 
9463	16 
9464	214 
9465	22 
9466	324 
9467	174 
9468	308 
9469	276 
9470	196 
9471	110 
9472	135 
9473	87 
9474	107 
9475	156 
9476	30 
9477	274 
9478	129 
9479	100 
9480	70 
9481	299 
9482	282 
9483	57 
9484	246 
9485	309 
9486	141 
9487	135 
9488	126 
9489	180 
9490	16 
9491	77 
9492	87 
9493	276 
9494	353 
9495	94 
9496	288 
9497	299 
9498	209 
9499	179 
9500	2 
9501	18 
9502	165 
9503	135 
9504	357 
9505	204 
9506	1 
9507	360 
9508	13 
9509	245 
9510	70 
9511	345 
9512	202 
9513	39 
9514	309 
9515	2 
9516	87 
9517	210 
9518	64 
9519	72 
9520	322 
9521	11 
9522	236 
9523	334 
9524	57 
9525	141 
9526	94 
9527	247 
9528	262 
9529	179 
9530	223 
9531	18 
9532	355 
9533	244 
9534	85 
9535	246 
9536	200 
9537	31 
9538	176 
9539	135 
9540	244 
9541	165 
9542	297 
9543	110 
9544	67 
9545	238 
9546	195 
9547	250 
9548	26 
9549	274 
9550	199 
9551	209 
9552	261 
9553	236 
9554	228 
9555	141 
9556	129 
9557	59 
9558	209 
9559	240 
9560	225 
9561	334 
9562	85 
9563	339 
9564	308 
9565	35 
9566	238 
9567	70 
9568	360 
9569	360 
9570	134 
9571	191 
9572	311 
9573	11 
9574	113 
9575	305 
9576	360 
9577	87 
9578	127 
9579	329 
9580	334 
9581	58 
9582	16 
9583	364 
9584	26 
9585	107 
9586	191 
9587	18 
9588	355 
9589	129 
9590	18 
9591	228 
9592	318 
9593	27 
9594	311 
9595	96 
9596	225 
9597	178 
9598	227 
9599	16 
9600	141 
9601	15 
9602	340 
9603	240 
9604	94 
9605	195 
9606	236 
9607	236 
9608	203 
9609	342 
9610	355 
9611	125 
9612	113 
9613	13 
9614	58 
9615	324 
9616	288 
9617	178 
9618	322 
9619	39 
9620	345 
9621	228 
9622	72 
9623	209 
9624	103 
9625	98 
9626	22 
9627	26 
9628	236 
9629	262 
9630	134 
9631	322 
9632	192 
9633	252 
9634	17 
9635	221 
9636	305 
9637	173 
9638	87 
9639	247 
9640	39 
9641	329 
9642	290 
9643	316 
9644	133 
9645	16 
9646	15 
9647	77 
9648	19 
9649	176 
9650	122 
9651	51 
9652	238 
9653	22 
9654	26 
9655	1 
9656	100 
9657	222 
9658	184 
9659	104 
9660	308 
9661	64 
9662	195 
9663	339 
9664	357 
9665	14 
9666	25 
9667	127 
9668	17 
9669	227 
9670	202 
9671	187 
9672	241 
9673	223 
9674	325 
9675	311 
9676	19 
9677	360 
9678	223 
9679	1 
9680	184 
9681	322 
9682	110 
9683	18 
9684	221 
9685	143 
9686	355 
9687	174 
9688	133 
9689	17 
9690	120 
9691	13 
9692	357 
9693	2 
9694	210 
9695	338 
9696	174 
9697	364 
9698	360 
9699	364 
9700	228 
9701	175 
9702	100 
9703	202 
9704	360 
9705	295 
9706	332 
9707	309 
9708	110 
9709	126 
9710	325 
9711	133 
9712	221 
9713	273 
9714	305 
9715	264 
9716	26 
9717	87 
9718	113 
9719	311 
9720	139 
9721	352 
9722	312 
9723	276 
9724	324 
9725	347 
9726	339 
9727	29 
9728	134 
9729	308 
9730	265 
9731	192 
9732	38 
9733	1 
9734	227 
9735	240 
9736	221 
9737	290 
9738	135 
9739	120 
9740	320 
9741	77 
9742	122 
9743	133 
9744	308 
9745	309 
9746	261 
9747	101 
9748	273 
9749	202 
9750	77 
9751	203 
9752	210 
9753	53 
9754	355 
9755	139 
9756	352 
9757	228 
9758	274 
9759	31 
9760	129 
9761	77 
9762	322 
9763	320 
9764	196 
9765	227 
9766	134 
9767	332 
9768	262 
9769	17 
9770	347 
9771	107 
9772	18 
9773	180 
9774	94 
9775	364 
9776	195 
9777	342 
9778	312 
9779	240 
9780	332 
9781	322 
9782	135 
9783	176 
9784	223 
9785	305 
9786	101 
9787	240 
9788	157 
9789	77 
9790	157 
9791	299 
9792	324 
9793	223 
9794	352 
9795	223 
9796	248 
9797	81 
9798	135 
9799	126 
9800	59 
9801	324 
9802	16 
9803	228 
9804	332 
9805	320 
9806	134 
9807	53 
9808	135 
9809	202 
9810	336 
9811	176 
9812	72 
9813	25 
9814	96 
9815	77 
9816	320 
9817	240 
9818	2 
9819	352 
9820	221 
9821	311 
9822	322 
9823	225 
9824	191 
9825	355 
9826	19 
9827	57 
9828	312 
9829	222 
9830	37 
9831	1 
9832	37 
9833	223 
9834	134 
9835	357 
9836	221 
9837	332 
9838	352 
9839	352 
9840	100 
9841	13 
9842	227 
9843	27 
9844	25 
9845	320 
9846	247 
9847	27 
9848	312 
9849	309 
9850	288 
9851	215 
9852	261 
9853	357 
9854	26 
9855	225 
9856	125 
9857	107 
9858	18 
9859	57 
9860	288 
9861	22 
9862	26 
9863	214 
9864	227 
9865	225 
9866	175 
9867	135 
9868	165 
9869	85 
9870	261 
9871	324 
9872	1 
9873	85 
9874	96 
9875	2 
9876	338 
9877	316 
9878	13 
9879	221 
9880	309 
9881	322 
9882	107 
9883	13 
9884	332 
9885	225 
9886	134 
9887	360 
9888	157 
9889	100 
9890	13 
9891	94 
9892	305 
9893	214 
9894	176 
9895	305 
9896	305 
9897	364 
9898	96 
9899	107 
9900	355 
9901	221 
9902	221 
9903	16 
9904	165 
9905	247 
9906	1 
9907	338 
9908	352 
9909	70 
9910	271 
9911	262 
9912	16 
9913	262 
9914	129 
9915	8 
9916	18 
9917	87 
9918	125 
9919	18 
9920	221 
9921	87 
9922	165 
9923	276 
9924	273 
9925	364 
9926	305 
9927	70 
9928	202 
9929	288 
9930	13 
9931	203 
9932	338 
9933	332 
9934	110 
9935	107 
9936	355 
9937	214 
9938	228 
9939	110 
9940	26 
9941	13 
9942	360 
9943	81 
9944	261 
9945	227 
9946	26 
9947	120 
9948	85 
9949	77 
9950	96 
9951	271 
9952	228 
9953	240 
9954	324 
9955	18 
9956	210 
9957	276 
9958	85 
9959	223 
9960	273 
9961	324 
9962	176 
9963	357 
9964	223 
9965	18 
9966	110 
9967	1 
9968	26 
9969	107 
9970	2 
9971	355 
9972	107 
9973	96 
9974	107 
9975	309 
9976	96 
9977	77 
9978	276 
9979	77 
9980	96 
9981	273 
9982	227 
9983	135 
9984	273 
9985	273 
9986	110 
9987	273 
9988	309 
9989	110 
9990	110 
9991	18 
9992	94 
9993	165 
9994	357 
9995	309 
9996	94 
9997	324 
9998	357 
9999	16 
10000	357 
